1,1,151.0421447753906,63.71590423583984,126.2898864746094,343.3388442993164,1,-1,-1,-1
1,2,99.01369476318359,176.0581512451172,33.43807220458984,81.61878967285156,1,-1,-1,-1
1,3,132.6787719726562,182.2460632324219,24.71029663085938,62.73031616210938,1,-1,-1,-1
1,4,30.16496086120605,182.4855651855469,32.66171455383301,73.36080932617188,1,-1,-1,-1
2,1,142.7347896184872,53.97273660990632,130.412254475609,356.3683856847201,1,-1,-1,-1
2,2,97.06274102695689,172.1090061181199,33.44378566494787,81.03632993957996,1,-1,-1,-1
2,3,132.8521190056609,178.0616985114477,24.7534561650564,62.30971745992824,1,-1,-1,-1
2,4,30.21504078435501,176.322272984559,32.8377054577164,74.27959874302741,1,-1,-1,-1
3,1,135.0500939656593,44.77991117946081,133.6124594206692,368.3982802209174,1,-1,-1,-1
3,2,96.55170235458772,169.533212910835,33.15886856019208,80.25015481614624,1,-1,-1,-1
3,3,132.6695495668777,176.0607534424004,23.98766721844985,60.86507631717983,1,-1,-1,-1
3,4,27.65755891692022,172.9426031706605,32.77773456770127,74.73491443727907,1,-1,-1,-1
4,1,134.9139427964076,39.75004076270525,136.2223339853218,382.0501005301006,1,-1,-1,-1
4,2,101.538573219944,171.1843931844802,33.04518578335703,80.86929766067814,1,-1,-1,-1
4,4,26.16841181684136,168.4940694160764,32.94478308323538,75.11579361273063,1,-1,-1,-1
5,1,136.0026656558376,33.88304718719661,139.7952545038746,394.8585331264343,1,-1,-1,-1
5,2,102.7453363075355,169.9085836474717,32.9367747192098,80.60399043336493,1,-1,-1,-1
6,1,137.0900103851084,23.93278680444536,144.6020909838944,410.8850459329635,1,-1,-1,-1
7,1,134.7491874809631,17.34298614618754,148.5187843036399,422.0142813654455,1,-1,-1,-1
9,1,164.9509397234992,-0.8397718405324213,158.422317242723,453.7415867875071,1,-1,-1,-1
10,1,177.3463540407759,1.816207516352989,165.4389284982117,474.0890514414062,1,-1,-1,-1
11,11,111.6065908886866,176.8819633038035,24.76867621601274,66.84816445684609,1,-1,-1,-1
11,1,195.1115578931939,-5.522702574139998,169.8851109314317,492.6348919593132,1,-1,-1,-1
12,11,92.56917265665804,177.9379289439005,27.61145407552948,70.9989737213549,1,-1,-1,-1
12,1,215.4132828352363,-11.49320633447243,172.7749138566882,505.782405503978,1,-1,-1,-1
13,13,216.2688517176477,181.7384347702966,32.10410758876363,80.75508486059645,1,-1,-1,-1
13,14,154.4348882792521,186.1961207735452,29.30436645241547,73.97605429586062,1,-1,-1,-1
13,15,108.1728895838091,179.7627469681105,26.61976995458537,67.18812356200337,1,-1,-1,-1
13,11,73.92311773858417,178.4114894231691,29.6782301435834,76.31339792162662,1,-1,-1,-1
13,1,231.5424584599448,-16.88625426945259,177.4236019089157,517.0167918562457,1,-1,-1,-1
14,13,232.6058940236621,181.8422690849864,32.29289138098824,80.88985996523688,1,-1,-1,-1
14,14,156.5652353130391,183.0992826666675,25.42451449033977,66.09646660236535,1,-1,-1,-1
14,15,124.2192017967337,182.6373463923834,27.04806814057341,66.52056025707186,1,-1,-1,-1
14,1,240.1653858306859,-21.84845171479205,181.3902716235864,528.5757661311858,1,-1,-1,-1
15,13,245.7509147067426,185.9555037346545,31.50747154141357,79.7290072881845,1,-1,-1,-1
15,14,166.704912037264,187.54011463952,23.77167120477264,62.2649677296811,1,-1,-1,-1
15,15,135.1091878226854,186.2826501752857,27.20269787627781,66.78786335100635,1,-1,-1,-1
15,1,257.6909737760251,-33.60480059234644,185.8784538977302,531.119739565223,1,-1,-1,-1
16,13,251.4811077639737,186.1000314126746,31.55748862341224,80.32903416989032,1,-1,-1,-1
16,14,191.4144001600365,192.8552314273258,29.42517878039109,74.33437364926853,1,-1,-1,-1
16,15,142.165103532159,187.2115991720426,27.44242404639493,66.80940078229435,1,-1,-1,-1
16,1,269.6297625571331,-43.17821997359707,190.2045427486899,537.1574100919985,1,-1,-1,-1
17,13,255.0007834498379,185.8203842729925,31.65517061787059,79.98652438181995,1,-1,-1,-1
17,14,195.4410468129338,192.7745789628955,29.17179507323622,73.45662289948085,1,-1,-1,-1
17,15,145.9164993965208,186.0008644277956,28.02308369936441,67.82162712567307,1,-1,-1,-1
17,1,279.5852315946684,-49.33730513227451,193.8873611196973,547.5580721867171,1,-1,-1,-1
18,13,257.119797618489,183.2102821681218,32.18116649278841,80.9604636356089,1,-1,-1,-1
18,14,196.6417867591772,190.477914407725,29.16753662782283,73.54911997309249,1,-1,-1,-1
18,15,148.5859793412423,184.1752417951165,27.85275463015804,67.36959208545858,1,-1,-1,-1
18,1,275.5119212390077,-55.09713914340153,200.5228860290246,555.1539841551554,1,-1,-1,-1
19,13,258.2335691210526,182.5729484658632,31.94290971332333,80.58657420091261,1,-1,-1,-1
19,14,204.2769622719971,191.147788043012,29.10903844534364,73.40161043547643,1,-1,-1,-1
19,15,149.3858763003658,183.3441293847918,28.00077309335372,67.23671137896713,1,-1,-1,-1
19,1,277.5489318426191,-60.52966363252645,207.1349181922489,564.6901421921825,1,-1,-1,-1
20,16,182.2348714179569,183.5655650312345,24.72531165183472,65.74667616755582,1,-1,-1,-1
20,13,260.0975143373154,182.30540951055,31.94862372523608,80.76058811829914,1,-1,-1,-1
20,14,199.5543003901396,189.5309484407284,29.11466612896819,73.78903200566153,1,-1,-1,-1
20,15,151.2960798850049,183.0487706126918,28.26762664510327,67.39238073515804,1,-1,-1,-1
20,1,285.8296016927555,-66.53656908732108,210.7958725298232,574.6706169643077,1,-1,-1,-1
21,16,185.3421286501048,184.2119009029482,24.69442743331005,65.54705143467982,1,-1,-1,-1
21,13,262.4568949383151,181.9997939477699,31.97119328463342,81.08579269180933,1,-1,-1,-1
21,14,201.4054481508545,189.1337481980187,29.45813480627974,74.50821706404508,1,-1,-1,-1
21,15,153.8261022250327,183.2393711061845,28.29089459560966,67.11699177668473,1,-1,-1,-1
22,16,187.0194907678729,184.4518186045483,24.07913198531375,64.1226409078448,1,-1,-1,-1
22,13,263.857722607932,181.958442911911,31.74692302501479,81.16539176463645,1,-1,-1,-1
22,14,203.509846071747,188.8546004329979,29.4879963760688,74.64818596839179,1,-1,-1,-1
22,15,155.0302461647582,183.0451684534316,28.04017694433118,66.92999556828221,1,-1,-1,-1
23,16,189.3100048337461,184.8854635828929,23.73050315983432,63.19424361345828,1,-1,-1,-1
23,13,265.382162017168,181.8352703107493,32.23930316604034,82.19476583057774,1,-1,-1,-1
23,15,159.5169323961958,183.1319270798757,28.10238182723112,67.07847439368635,1,-1,-1,-1
24,13,269.4893368411346,181.7866118055777,32.29030199704504,82.32478839807789,1,-1,-1,-1
29,24,258.8889770507812,-119.0085372924805,331.9927368164062,714.1520309448242,1,-1,-1,-1
29,25,206.1317596435547,188.8047027587891,28.67413330078125,78.72364807128906,1,-1,-1,-1
29,26,156.7399291992188,182.3545227050781,27.58424377441406,69.46821594238281,1,-1,-1,-1
30,24,257.1390882579354,-118.1342242401687,335.169304529416,718.2550002733054,1,-1,-1,-1
30,25,205.2667320604277,189.474008142639,29.38999238193391,78.32930934948627,1,-1,-1,-1
30,26,155.4203737147452,183.6520933912736,28.53085123191489,70.6308623150917,1,-1,-1,-1
31,24,251.3456756747942,-121.5479135323184,335.4535006896281,720.898547808175,1,-1,-1,-1
31,25,205.0645851302453,189.6409517986623,29.42842553145998,77.66168426041629,1,-1,-1,-1
31,26,155.1799487013294,183.9267129047898,28.64724829641566,70.49263018298868,1,-1,-1,-1
32,29,261.9862014864657,180.9565126150532,35.98408728363827,88.96759555291925,1,-1,-1,-1
32,24,253.0274285862919,-121.6489214702559,340.1725560563165,719.6052721299832,1,-1,-1,-1
32,25,192.4636737013515,186.9917258966198,25.92664734617751,68.79464342287902,1,-1,-1,-1
32,26,155.2243568528857,184.0159921277789,28.71581648914647,70.74812034214617,1,-1,-1,-1
33,29,259.9377454955721,182.1061292728613,35.0454226266544,87.24228917507746,1,-1,-1,-1
33,24,257.4702189320058,-117.1060635718087,343.4718193636138,719.7831997490273,1,-1,-1,-1
33,25,188.7309612004533,186.1698127102713,24.64709448445988,65.59283635984788,1,-1,-1,-1
33,26,155.0967306529505,183.9781797362978,28.56526606565785,70.62234069638301,1,-1,-1,-1
34,29,257.1974395618219,182.5725242106101,35.11530264480408,87.0358441663076,1,-1,-1,-1
34,24,267.6069360651791,-121.5195477767955,350.2726774645507,726.8803532766558,1,-1,-1,-1
34,25,187.571540042506,186.0995929583679,24.31668520227069,64.6159281488131,1,-1,-1,-1
34,26,153.7245556272096,184.1677116690836,28.0866627738277,70.07592278577408,1,-1,-1,-1
35,29,256.6958758294763,183.1097852415274,34.82525415747197,86.20884473953561,1,-1,-1,-1
35,24,276.3633572539719,-120.2063817136374,351.3074228823194,723.7694713631209,1,-1,-1,-1
35,25,187.586690870643,186.2100645653726,24.1091966104651,64.28991740015339,1,-1,-1,-1
35,26,154.5995318475025,184.4059202931581,28.10941173086644,69.83904604079578,1,-1,-1,-1
36,29,254.0958512115332,183.0767947684092,35.25553786995317,86.40837446573472,1,-1,-1,-1
36,24,292.0092693874333,-113.3692885341664,348.0349302226348,714.3393833347251,1,-1,-1,-1
36,25,187.491163155249,186.6104511397174,23.97555658366823,63.92291879810674,1,-1,-1,-1
36,26,153.1126112787005,183.5791909048789,28.65560105139457,72.05642582893144,1,-1,-1,-1
37,30,299.6068191164879,189.1020867918809,26.41191108343035,66.90898004727505,1,-1,-1,-1
37,29,253.2066736872874,182.9645960531806,35.40761070454037,86.63037416776879,1,-1,-1,-1
37,24,304.8847264692076,-109.1613234782085,344.9460397876571,707.6099901748677,1,-1,-1,-1
37,25,201.938721127514,190.2877436084185,30.18078092611641,77.25947578463216,1,-1,-1,-1
37,26,152.2450485270986,182.3504626507501,29.52888868040517,74.89750263217412,1,-1,-1,-1
38,30,289.6908402256116,-3.613499061984214,178.3158692641614,471.6843269235794,1,-1,-1,-1
38,29,253.2002357006613,181.3521973693562,34.46441635351821,84.7406066065416,1,-1,-1,-1
38,24,322.9763664389912,-102.7746536066734,337.9191584943999,695.6549586158833,1,-1,-1,-1
38,25,201.5784679806109,190.2692182563726,30.30410796926697,77.57517943481955,1,-1,-1,-1
38,26,151.6839052787413,182.2973553659785,29.78103526394288,75.53705089315361,1,-1,-1,-1
39,30,292.189813695502,-25.31772805772761,195.3673407234983,523.0779174322054,1,-1,-1,-1
39,29,251.8354195328037,181.2982036186554,34.20666957221053,84.10686256239889,1,-1,-1,-1
39,24,335.3338087305726,-95.6989296968911,331.9483270239463,686.0389500099622,1,-1,-1,-1
40,30,306.806334122468,-73.09900915461219,235.8810244735294,631.5495444963514,1,-1,-1,-1
40,24,346.020589536785,-90.14247536504942,325.1510717965271,676.4173519569213,1,-1,-1,-1
41,24,290.5954907048975,-67.12939047588236,277.7740891815124,622.6979276137013,1,-1,-1,-1
42,30,290.7912617746038,-32.48427194183839,200.9458348250381,555.9945428960939,1,-1,-1,-1
42,24,364.6615829578641,-87.62489544674807,309.3868613497604,657.6100605110655,1,-1,-1,-1
43,32,152.51703214325,184.4759540698612,29.7363214556876,69.39835042739398,1,-1,-1,-1
43,30,293.9979858648946,-30.387825927167,201.9262885316675,562.1417883014714,1,-1,-1,-1
43,24,374.8521688678508,-83.88690120828798,296.3865946821542,646.5441992387806,1,-1,-1,-1
44,34,202.2510245445963,189.8483390784744,30.96950297934436,78.16422133479479,1,-1,-1,-1
44,32,153.0133252229826,185.5281307556246,28.24392259705364,67.00678600320209,1,-1,-1,-1
44,30,292.5485313321717,-29.08448393992896,197.6451851351167,562.7205919018303,1,-1,-1,-1
44,24,384.2261069679331,-76.6687702626698,284.2993110994921,634.6925088001163,1,-1,-1,-1
45,35,240.7088949224853,180.6550309270753,35.83951079201444,91.08694825549064,1,-1,-1,-1
45,34,203.241525682471,191.3019484497492,29.23100519978392,75.00660176861699,1,-1,-1,-1
45,32,153.3918832224786,185.8135032759084,27.61263639777698,66.4818568246553,1,-1,-1,-1
45,30,292.7181991753929,-28.87453186495765,193.9288024592378,563.1127937683433,1,-1,-1,-1
45,24,391.228615052273,-71.83422607808029,276.5498450698614,630.0496287958381,1,-1,-1,-1
46,36,299.6570578101264,186.6733782617362,25.73176617129535,66.85404914059006,1,-1,-1,-1
46,35,239.8445101687066,180.0250773644094,36.01612142111374,91.77145126252428,1,-1,-1,-1
46,34,203.2591481324934,191.4837934051997,29.14950775403388,74.88820696410546,1,-1,-1,-1
46,32,153.730831865878,186.7553550526542,26.78931778294675,64.49958503127361,1,-1,-1,-1
46,30,293.4993273018583,-28.74243801157985,190.4342751629819,562.860980421248,1,-1,-1,-1
46,24,396.8255562749563,-65.34616059049199,271.0242926483712,623.3979815681037,1,-1,-1,-1
47,36,299.6570578101264,186.6733782617362,25.73176617129535,66.85404914059006,1,-1,-1,-1
47,35,236.9899702974182,179.7467918891767,36.51613514122722,92.59731981395088,1,-1,-1,-1
47,34,203.3567380792109,191.5232472922906,29.0907676878788,75.03022285299119,1,-1,-1,-1
47,32,153.1522867799129,184.892345339736,28.26719285386941,68.15927150005651,1,-1,-1,-1
47,30,294.8582226842752,-28.08894619173509,186.3523607397534,561.3789527177481,1,-1,-1,-1
47,24,398.1219881958219,-58.48327983349577,266.0996212677368,616.2511977649098,1,-1,-1,-1
48,36,299.7478505052742,189.3555446253737,25.56273983760745,65.58044972373419,1,-1,-1,-1
48,35,236.4420530805854,180.6120240044932,36.14012107236945,91.65151996592476,1,-1,-1,-1
48,34,190.4940400778545,187.5978302092645,26.69176697838476,68.95084544747337,1,-1,-1,-1
48,32,154.803297980316,185.2260454262769,28.18155083071721,67.76099778659537,1,-1,-1,-1
48,30,296.0110005363923,-27.13397355000376,183.0616835628301,559.1773764958984,1,-1,-1,-1
48,24,400.0512311624211,-54.26181889478161,260.9288786550962,606.1355352510615,1,-1,-1,-1
49,36,299.8348439657739,190.5932785879924,25.39503198982214,65.15020022192691,1,-1,-1,-1
49,35,233.9543640769868,181.22717229567,36.69406345107729,93.38792536121116,1,-1,-1,-1
49,34,186.3275186135917,186.6026652936337,25.65281345151164,66.21366410158205,1,-1,-1,-1
49,32,155.2588378548803,184.9484567877784,28.35709229751393,68.22406352098304,1,-1,-1,-1
49,30,296.6389626035302,-26.91846988038429,181.1993110785317,558.3778744101598,1,-1,-1,-1
49,24,400.5110534386534,-50.25979479526146,254.8112078862768,593.3090721106435,1,-1,-1,-1
50,35,232.962535460154,180.1282796893169,36.64344340602048,93.77200090980645,1,-1,-1,-1
50,34,185.2332110771431,187.151402270265,24.78428024574873,63.8375701494736,1,-1,-1,-1
50,32,155.4847682245133,184.9629489494437,28.32311820277494,68.31473446503239,1,-1,-1,-1
50,30,297.0433815646478,-24.79991443193848,179.7385136418588,557.7255305662694,1,-1,-1,-1
50,24,402.028709844268,-46.45878160504722,249.6354666616359,583.9441876185468,1,-1,-1,-1
51,35,230.5739861446984,178.4660935942449,36.91872696934324,95.59765322419811,1,-1,-1,-1
51,34,184.916841682657,187.2609458083329,24.33228682260132,62.93709276484363,1,-1,-1,-1
51,32,155.482622176053,184.8667989566006,28.39382640712326,68.47575511282618,1,-1,-1,-1
51,30,299.1147485652398,-25.90138786295739,179.2533469310825,557.2268672989561,1,-1,-1,-1
51,24,406.0219845350798,-44.3572461356743,244.4681586521955,574.9318733697284,1,-1,-1,-1
52,38,299.512608723622,185.9291489175255,26.37574468876452,68.30280445987098,1,-1,-1,-1
52,35,227.453913150745,176.5323171121767,38.07257666930663,98.46535780422506,1,-1,-1,-1
52,34,184.8523069774982,187.4096418864898,24.11752213858587,62.59868433070354,1,-1,-1,-1
52,32,155.3609961823777,184.8191976035282,28.49845353166728,68.52021244559297,1,-1,-1,-1
52,30,298.4346664474559,-25.31768954219021,177.6394181985944,554.8562891118497,1,-1,-1,-1
52,24,411.0966894082112,-42.47295281909194,239.4731197463875,565.2953268094104,1,-1,-1,-1
53,38,299.512608723622,185.9291489175255,26.37574468876452,68.30280445987098,1,-1,-1,-1
53,35,225.4823500987231,175.3474233920861,39.11798172101386,100.568949177891,1,-1,-1,-1
53,34,184.7930124382452,187.4998463257148,24.13504760256214,62.58038587638239,1,-1,-1,-1
53,32,155.3066450877984,184.5343102705087,28.68627445962003,68.94460103055567,1,-1,-1,-1
53,30,298.2313132344403,-24.20194443808478,176.7206518419439,552.0932591663446,1,-1,-1,-1
53,24,416.5780047273894,-35.98318160191275,234.1118563505694,554.1956834257193,1,-1,-1,-1
54,35,222.3040648539854,174.3139401170369,40.57166760572394,102.7444358170234,1,-1,-1,-1
54,34,184.7755526794816,187.4576659898862,24.00873099295145,62.26817840708237,1,-1,-1,-1
54,32,155.2443174360496,184.4769370625955,28.71289015690917,69.04963257987659,1,-1,-1,-1
54,30,298.3353383097478,-22.6021668079315,175.6124785053591,548.6775622732779,1,-1,-1,-1
54,24,420.4167342707228,-31.28913835553709,224.198270585563,537.4884708086831,1,-1,-1,-1
55,35,219.2111336040209,173.9396545984546,41.37961104563359,103.6471922843954,1,-1,-1,-1
55,34,184.8242813313074,187.4358566885863,23.97519574445547,62.12797783066868,1,-1,-1,-1
55,32,155.2275005376202,184.5627401301286,28.68176624991065,68.9312736909835,1,-1,-1,-1
55,30,298.196641119345,-21.62912941873287,175.4230190015701,546.5724931249797,1,-1,-1,-1
55,24,427.1873916089068,-19.94710265090114,213.7673873344827,520.3308084818593,1,-1,-1,-1
56,35,215.9688385239325,173.433363237074,42.27822196662819,104.9229397040942,1,-1,-1,-1
56,34,185.0467719610815,187.6957907051847,23.84541919261341,61.80718856196786,1,-1,-1,-1
56,32,155.106071458099,184.4590303141662,28.79210462539911,69.03122721715896,1,-1,-1,-1
56,30,298.3298032194667,-19.83787536089042,174.7830171199693,542.9076848434323,1,-1,-1,-1
56,24,433.0563302890447,-11.0235823248195,203.0205072665559,504.611241253165,1,-1,-1,-1
57,35,212.4207337876594,172.4774156672769,43.22900802376213,106.385388877889,1,-1,-1,-1
57,34,183.7046758696146,187.5726821114411,23.89670004259484,62.24229599311997,1,-1,-1,-1
57,32,153.6886313696898,184.2550914522703,28.83984718183386,69.26951214965882,1,-1,-1,-1
57,30,298.1004562043813,-18.36558746451038,174.9759801594445,539.8976498386077,1,-1,-1,-1
57,24,440.2683025531668,0.5178452464336658,192.949086886143,490.5598449330828,1,-1,-1,-1
58,42,299.5094471797309,185.7976514432496,26.13778288663191,67.99457831689212,1,-1,-1,-1
58,35,208.9600334093659,171.5380521275616,43.87289998897819,108.007782110044,1,-1,-1,-1
58,34,183.1968618872569,187.6046262538682,23.97400511693926,62.66882157621111,1,-1,-1,-1
58,32,154.6006805557674,184.4306234131472,28.88407821831165,69.11322488294876,1,-1,-1,-1
58,30,297.7039221454842,-17.18070770085274,175.572928568098,537.4245407174893,1,-1,-1,-1
58,24,445.2674249397372,8.263895883249319,184.5195156713118,478.6743051377831,1,-1,-1,-1
59,42,299.5094471797309,185.7976514432496,26.13778288663191,67.99457831689212,1,-1,-1,-1
59,35,207.4015993385758,170.6544920202749,43.75523957117695,109.4551483363475,1,-1,-1,-1
59,34,182.9628892725319,187.7696862943775,24.0650124302489,62.83246268401591,1,-1,-1,-1
59,32,154.9597090083504,184.647899281096,28.95488163887561,68.93539129155137,1,-1,-1,-1
59,30,297.2295072573245,-16.21263991933876,176.3579243091256,535.4679014157501,1,-1,-1,-1
59,24,449.1679948864701,15.52561703214792,177.1567424209753,469.4794571846267,1,-1,-1,-1
60,35,204.7658126523268,169.7618807022016,44.04566919661433,111.0044109268081,1,-1,-1,-1
60,34,189.8242313400158,192.7922725081822,26.66062089530624,69.66135457923815,1,-1,-1,-1
60,32,155.1010763602872,184.6522185190415,29.0746854726773,68.98565214775493,1,-1,-1,-1
60,30,296.6414877766607,-13.89795281867737,177.2766058163044,534.9533232438143,1,-1,-1,-1
60,24,453.9284033992693,21.21207762258712,171.8484615520083,464.1612717488425,1,-1,-1,-1
61,35,201.8190816128066,169.2480348621,44.0886277038105,112.2921871034291,1,-1,-1,-1
61,34,189.5407408366952,193.3939145028338,26.49505257288425,69.22874223833958,1,-1,-1,-1
61,32,155.2186746865348,184.6471480629959,29.08514016144983,69.01045804027792,1,-1,-1,-1
61,30,294.0317362440894,-12.70426746059763,178.3485041156131,534.1604213429267,1,-1,-1,-1
61,24,456.8956965500639,23.99412899944741,167.3293096509773,456.8363274105353,1,-1,-1,-1
62,35,196.2200389282629,168.701028906056,45.54992799725337,113.8484476866805,1,-1,-1,-1
62,30,292.3057972184629,-12.33934620131799,180.0677012250484,533.872422784454,1,-1,-1,-1
62,24,456.5191700405824,26.92071640799563,164.2594426941885,450.0665678939652,1,-1,-1,-1
63,35,193.5112558075913,168.3316650921269,46.79027104890123,115.0591331654396,1,-1,-1,-1
63,32,155.039830655715,184.7292229799905,29.29153609477218,68.95512958664781,1,-1,-1,-1
63,30,291.0556580713425,-13.01452272851199,181.9566299902425,535.3460356529173,1,-1,-1,-1
63,24,458.5883653388332,29.0794717380719,162.6552676615636,445.3442609882536,1,-1,-1,-1
64,35,188.1384080237174,166.8544801206316,48.53007409205081,117.6016927631586,1,-1,-1,-1
64,32,155.1272750342923,184.7230514943508,29.30596887166948,68.98910574952397,1,-1,-1,-1
64,30,288.1375993616816,-13.84341766945508,183.5258143754032,537.0416902258138,1,-1,-1,-1
64,24,460.7574219144574,30.39732668835919,163.379048157083,442.5126329767048,1,-1,-1,-1
65,35,183.7745197315072,164.0670386455729,49.9491169569523,119.8422704827448,1,-1,-1,-1
65,30,284.8909422541522,-12.20721544794418,184.2837876668192,537.7784148714956,1,-1,-1,-1
65,24,459.1954126320155,30.34534224120301,168.1908157157065,442.6420313112845,1,-1,-1,-1
66,35,181.9199684732474,162.0862475807465,50.18835966984798,121.8977044054212,1,-1,-1,-1
66,30,281.3433150099403,-13.38203579615043,185.0238006274458,537.6820095613314,1,-1,-1,-1
66,24,453.9369053050947,31.57841818624547,171.1281650943877,440.2145753638223,1,-1,-1,-1
67,35,178.7587573746887,160.7036934894019,51.25946885595208,124.2596540866782,1,-1,-1,-1
67,30,277.9837513056306,-13.81605050098082,185.1568120930175,537.3457466887033,1,-1,-1,-1
67,24,448.9195351628268,31.64358682805874,173.9217312939114,440.0051542056877,1,-1,-1,-1
68,35,174.8490865267779,159.5284496839624,52.9689190318287,126.560598792024,1,-1,-1,-1
68,30,274.9737726284205,-16.09921431685075,184.7500990386182,537.2330695481837,1,-1,-1,-1
68,24,441.3374881309861,32.6548959531508,178.1208833624881,441.9491555586521,1,-1,-1,-1
69,35,169.4789265898042,158.8403205013895,53.898334649713,127.9727335623241,1,-1,-1,-1
69,30,271.9121164654517,-15.95272843962019,184.2240329315869,535.3092807147639,1,-1,-1,-1
69,24,435.1237166311398,35.64336845421121,177.9883151826099,441.4907253265327,1,-1,-1,-1
70,35,166.9623712006644,158.4179105666825,54.7746797581143,129.0661445094394,1,-1,-1,-1
70,30,269.0152338014473,-15.4343021166645,183.338949653098,533.6742626110602,1,-1,-1,-1
70,24,429.4859926008388,39.38135659454593,176.2046227240515,440.171980814766,1,-1,-1,-1
71,35,161.7430713908342,157.6779694987578,55.76854601198601,130.6596344754006,1,-1,-1,-1
71,30,264.4787980471103,-15.72788839288322,181.6934173870031,530.0621590058734,1,-1,-1,-1
71,24,425.9368307153288,42.26552605085647,174.347885896132,436.8665020760187,1,-1,-1,-1
72,35,158.4203055741176,156.8017728802172,56.38782474641037,132.1105371591622,1,-1,-1,-1
72,30,260.7849172072943,-15.09229679947984,181.0086247462856,527.0800345213822,1,-1,-1,-1
72,24,423.2249321065921,44.91995859645158,172.1014467502558,432.2864937999423,1,-1,-1,-1
73,30,257.4377207716955,-12.90107512303084,180.5188471777701,522.2113997729385,1,-1,-1,-1
73,24,417.1798776361012,50.08876163929949,168.9136280240211,426.297832391979,1,-1,-1,-1
74,30,255.1533711242156,-9.404617635122008,178.323209458975,515.0740084044763,1,-1,-1,-1
74,24,413.9826957931285,54.29423087533212,165.542149679894,419.5175652412941,1,-1,-1,-1
75,50,146.7479219067629,150.784924484153,59.6311287317512,143.3642427730826,1,-1,-1,-1
75,30,252.4790358859746,-11.20662603724026,179.4419088454709,518.3052926492487,1,-1,-1,-1
75,24,409.0224144185225,59.79738608850434,163.6057762286969,413.1895327571015,1,-1,-1,-1
76,50,146.7479219067629,150.784924484153,59.6311287317512,143.3642427730826,1,-1,-1,-1
76,30,247.4057285895212,-0.9682050292341557,175.9949553116876,507.7051047328603,1,-1,-1,-1
76,24,401.7567693173322,62.80468912431661,161.5093997604226,404.6175224962867,1,-1,-1,-1
77,30,242.4482408807137,6.595921305151677,174.1323755929917,499.0633992503022,1,-1,-1,-1
77,24,395.5008525740261,64.31902543941436,159.6514771865797,396.3883315263345,1,-1,-1,-1
78,30,237.1374865710556,11.56249814164852,172.4235071365561,491.5123488879626,1,-1,-1,-1
78,24,390.0472480577141,66.37277317309096,156.9732425454503,385.8846223002991,1,-1,-1,-1
79,52,127.1459227950316,147.683836899489,61.38477211900992,151.4210835252408,1,-1,-1,-1
79,30,233.6497698246991,20.22973110534193,170.6540936303685,483.273351067625,1,-1,-1,-1
79,24,384.2912207736831,66.62880241691391,151.5018515648967,370.9193388341045,1,-1,-1,-1
80,52,122.1024781752598,144.3315606874793,63.69445708571997,156.9633223488645,1,-1,-1,-1
80,30,229.5918199692332,24.83226598395117,167.3108940691381,473.3631266186881,1,-1,-1,-1
80,24,382.3538163597104,71.94253952614943,145.1911452746333,358.593755352213,1,-1,-1,-1
81,53,162.9769208386104,183.947158303685,35.84539566075853,93.0218682514723,1,-1,-1,-1
81,52,115.6004957865224,142.4994620737464,64.98012170083337,160.5343704035496,1,-1,-1,-1
81,30,220.7440595238735,29.54086567109448,164.2348435325811,463.5822414807938,1,-1,-1,-1
81,24,379.0230908985708,77.78158204043885,139.8264708116636,346.4125638127601,1,-1,-1,-1
82,53,157.3410476346795,174.3650324454565,43.88355090401371,114.5783354595658,1,-1,-1,-1
82,52,108.0058288915011,142.7917128496172,67.45399555641524,164.1735194527031,1,-1,-1,-1
82,30,211.1119030828407,32.67817629835031,159.6178018665324,452.9483813824504,1,-1,-1,-1
82,24,375.1031769268111,84.93989842907007,135.2548059617702,336.0835825024657,1,-1,-1,-1
83,53,153.5089828929354,172.3690476377093,45.80222319455803,119.2434413404858,1,-1,-1,-1
83,52,98.23623300885291,142.8638986741377,69.84439839865172,165.5761518539369,1,-1,-1,-1
83,30,201.9344745200059,38.76887475734304,156.7585042294334,442.7515471945296,1,-1,-1,-1
83,24,370.9386675691953,93.38593618114069,130.7892086941859,324.9643701616748,1,-1,-1,-1
84,53,150.2101074417411,171.3648600802328,46.95065498544383,122.0844953451887,1,-1,-1,-1
84,52,95.17732864995375,144.9390438874074,70.18648057034085,166.0899212527657,1,-1,-1,-1
84,30,194.9569235635732,45.43949563440489,154.7734297171472,434.1147870173772,1,-1,-1,-1
84,24,368.4214914705086,99.520827973189,127.2048177448049,314.6349775666496,1,-1,-1,-1
85,53,148.6184912375623,171.4059084879133,47.35097487084928,122.9389128623697,1,-1,-1,-1
85,52,87.06702006842281,144.1065798743141,72.01443915073715,169.4868049814731,1,-1,-1,-1
85,30,185.8557869652035,52.33046025015892,154.8410034418739,426.6178608002274,1,-1,-1,-1
85,24,364.4256960863638,103.0779763137388,123.8352334960762,304.0814604957321,1,-1,-1,-1
86,53,143.7682315826439,171.6638080454287,48.52068864527475,126.0273687401298,1,-1,-1,-1
86,52,77.74895187013294,143.0745214310544,73.52730427655322,172.4919140676132,1,-1,-1,-1
86,30,176.5702743261256,57.02647940255537,154.5193995174599,419.4748922010562,1,-1,-1,-1
86,24,360.0998710691024,103.8320019701966,120.3559258410408,293.168737414843,1,-1,-1,-1
87,53,140.1982122160896,170.1202568558531,50.36044683275125,130.8059464965351,1,-1,-1,-1
87,52,70.62881275658387,142.6517514899023,73.096974418141,173.5611718554974,1,-1,-1,-1
87,30,166.435802990874,59.38143290927616,155.6808418784179,415.4875417962513,1,-1,-1,-1
87,24,355.148147657036,104.731990269995,117.7517943849216,284.0361374047283,1,-1,-1,-1
88,53,138.6358409323985,167.881252476157,49.47103288116897,130.507337748412,1,-1,-1,-1
88,52,63.55489474879244,140.6528123510398,73.62595067508778,177.4765874326717,1,-1,-1,-1
88,30,156.6320712197472,60.05196726710224,156.0824367697567,410.1552282822267,1,-1,-1,-1
88,24,352.057815043779,108.6554590300305,115.1878170645903,277.0859507486526,1,-1,-1,-1
89,53,145.8459580442807,107.5491198682627,108.5594093199248,284.9736863080795,1,-1,-1,-1
89,52,52.38604217277897,139.5749677259332,74.59897355058763,183.4509073751561,1,-1,-1,-1
89,30,216.0933429215103,64.89751477151179,133.8698084817079,346.4338099463261,1,-1,-1,-1
89,24,347.728355675504,113.9695481947168,112.7136671298771,271.5170098435031,1,-1,-1,-1
90,53,145.7350624537162,85.74951491171328,129.8759408048182,340.0036918924521,1,-1,-1,-1
90,52,43.48206598862404,138.2614794502464,76.95670743624673,187.4972310063774,1,-1,-1,-1
90,30,245.7512017427092,81.21022154534876,114.580031308166,292.8404072563326,1,-1,-1,-1
90,24,346.781318597074,118.8479552080888,110.6677261619678,267.4909240189257,1,-1,-1,-1
91,53,143.9091849641877,75.41220092924777,140.964507159416,369.457622698648,1,-1,-1,-1
91,52,34.82641313834011,137.6981206483825,80.53250761906421,193.2536202060699,1,-1,-1,-1
91,30,262.2298320501015,100.760798115649,98.4877736169413,246.3591426618403,1,-1,-1,-1
91,24,346.9732426410517,122.068398723828,109.0005575784343,263.5052165987614,1,-1,-1,-1
92,53,142.5109766149804,72.44812481369505,146.3719002515959,386.3644967781561,1,-1,-1,-1
92,52,29.75970908168187,137.0618095798818,81.68182377152108,196.3467861093097,1,-1,-1,-1
92,30,276.0575329792333,119.8456885675868,84.01757327841283,207.7863199462479,1,-1,-1,-1
92,24,348.1488447209807,124.0427550460536,106.3181333600726,260.1250050208961,1,-1,-1,-1
93,53,142.3954520406286,70.16552342649439,147.0588211398177,395.0210958229414,1,-1,-1,-1
93,52,21.58955712538369,129.3726202315545,82.89030828592639,204.0085973528965,1,-1,-1,-1
93,30,287.634556375273,133.6305754967305,70.80098526718731,176.2865856760355,1,-1,-1,-1
93,24,347.7612718079605,120.6046054167995,103.3660639120524,254.8315287561809,1,-1,-1,-1
94,63,131.6408139560415,163.4558462999418,51.65417836233095,143.383699523252,1,-1,-1,-1
94,53,143.8570566484428,69.68664187262149,148.0507275947975,401.4124080383404,1,-1,-1,-1
94,52,16.42040713438425,122.8675948216704,83.55162216909788,210.7768304025319,1,-1,-1,-1
94,30,290.5646073747603,134.1184990729428,68.42634348483863,170.373991516023,1,-1,-1,-1
94,24,347.7270890905206,119.9354970502034,102.3089569073693,251.700335065082,1,-1,-1,-1
95,63,133.8919594461541,160.9701356128452,52.96914634341722,147.8907841102583,1,-1,-1,-1
95,53,146.9142937981521,66.36834685184604,147.5036332158784,397.5208404599884,1,-1,-1,-1
95,52,9.584866802630174,117.090921168268,86.01761403651507,219.208694850708,1,-1,-1,-1
95,24,350.4040366231481,120.834177571009,100.5295632005991,248.2936818793741,1,-1,-1,-1
96,63,132.9834531703648,158.2670733151029,56.12908204735327,154.33671522,1,-1,-1,-1
96,53,150.8176752165365,63.55170589171794,145.9462164719336,390.820605283479,1,-1,-1,-1
96,52,-0.6481038538873989,114.5924984484245,90.32625435358254,227.307358116097,1,-1,-1,-1
96,24,351.4847169660163,123.5722570292949,100.0697149147732,246.1506660281948,1,-1,-1,-1
97,63,134.1105371439153,157.9056276322356,58.43983447027541,159.1883418994802,1,-1,-1,-1
97,53,152.2859956689586,65.84019880495171,145.1938560659948,384.6896908084248,1,-1,-1,-1
97,52,-7.222927858792076,113.1449251388537,93.52487905084827,235.1935852186191,1,-1,-1,-1
97,24,351.927305445834,127.0887051703805,100.2107866943515,244.6022299435089,1,-1,-1,-1
98,66,338.0252757092175,187.3031976974179,28.18725264761627,71.06415209051571,1,-1,-1,-1
98,63,134.270508841574,156.30322333067,59.41644159976006,159.9842582343055,1,-1,-1,-1
98,53,154.4962334978265,67.96116648935234,145.6404057959436,380.2160647450449,1,-1,-1,-1
98,52,-7.610770222966543,108.705325977218,95.09479989198503,237.8650340047286,1,-1,-1,-1
98,24,353.8098435489935,128.2371404965059,101.0816865068527,244.5046795416505,1,-1,-1,-1
99,66,349.4753860680536,191.3253080252931,27.27581968802595,69.10344490363761,1,-1,-1,-1
99,63,135.1446346919313,157.1106601952806,62.87681092719619,166.5516406886041,1,-1,-1,-1
99,53,161.7938053254708,75.85476495077128,144.9829600373054,376.7719279562378,1,-1,-1,-1
99,52,-7.378312268701464,106.1544468799348,95.57977451161156,240.761219606206,1,-1,-1,-1
99,24,358.6056364713932,130.4363101565995,101.5867221864942,244.7255000744472,1,-1,-1,-1
100,68,107.6541470969254,192.6258358603033,28.82120090669077,71.597318979855,1,-1,-1,-1
100,66,360.9021463520745,195.4672035625401,26.4068898198417,66.90200612166929,1,-1,-1,-1
100,63,136.6784918679454,153.8390655100402,65.39026897996987,171.6919967732805,1,-1,-1,-1
100,53,166.5830622494261,79.09582648123387,144.4873595799426,374.7539268667797,1,-1,-1,-1
100,24,362.4892373786104,127.5939494852344,101.8885240952428,244.3306588457016,1,-1,-1,-1
101,68,117.403442483244,189.0009848544653,30.34692730973179,74.37585769315065,1,-1,-1,-1
101,66,363.4386090849081,191.6205727121688,24.78116355450011,63.35551076189886,1,-1,-1,-1
101,63,137.5750616376604,151.3065208655481,65.53516474776036,175.1424065801372,1,-1,-1,-1
101,53,170.5751492215627,79.3596370884004,143.9437505250947,371.5792328698208,1,-1,-1,-1
101,24,366.3028113907748,124.7380051152849,101.435246126939,243.0335864760362,1,-1,-1,-1
102,68,127.2767418139212,185.204997389026,31.62063285688846,77.49752274844344,1,-1,-1,-1
102,66,371.6268601060008,193.0028404924842,23.59594327909637,60.3253771788482,1,-1,-1,-1
102,63,134.93075324591,148.499414674424,67.23369291464414,180.8067236050161,1,-1,-1,-1
102,53,175.2242459179787,76.26854235722496,141.6294120701924,364.4885942447702,1,-1,-1,-1
102,52,-16.39364499799487,68.73879960864846,119.5835088556996,319.9091168524589,1,-1,-1,-1
102,24,368.2588952604578,123.8277244908468,100.5189472676433,242.7986705061536,1,-1,-1,-1
103,63,128.0042949725888,145.3022306624422,70.9362936001861,187.0964385129503,1,-1,-1,-1
103,53,179.2782429792653,74.46755579884697,140.0218692486134,359.017773029749,1,-1,-1,-1
103,52,-21.10899940410872,66.07580997055075,121.6577185866152,325.4580308250761,1,-1,-1,-1
103,24,371.0986245074555,124.9161496370739,99.92994678514617,243.3838880922698,1,-1,-1,-1
104,63,118.991054851064,145.6469899885721,76.69219717383157,194.2653712863394,1,-1,-1,-1
104,53,183.5486922956778,78.35735579763002,138.0837720715417,355.3106265963752,1,-1,-1,-1
104,52,-15.35188196663606,51.53515584017234,134.7451200419816,369.6609132062728,1,-1,-1,-1
104,24,372.8371819669281,128.6347214238716,98.4046598212222,241.164961162891,1,-1,-1,-1
105,63,110.5322742389494,142.0618459372228,80.67937958464294,200.6724461366039,1,-1,-1,-1
105,53,187.1318093703134,79.7868821030545,136.8916542636941,354.1482826944122,1,-1,-1,-1
105,52,-14.13119288743733,39.58836361019416,141.0718122344045,392.8494571244554,1,-1,-1,-1
105,24,371.3662191997088,125.042836117134,97.90493650085227,234.0216582241826,1,-1,-1,-1
106,69,-9.321413514827427,22.29169537510316,149.8557076438429,437.2576571167447,1,-1,-1,-1
106,63,102.6860497956796,138.8486382234656,83.17572321120124,205.9346340723685,1,-1,-1,-1
106,53,189.0345704148973,82.11746555730841,135.168552550172,354.1951073236734,1,-1,-1,-1
106,24,368.8582228072304,124.3298206411509,97.72812800424968,230.2624601033709,1,-1,-1,-1
107,69,-7.106349813646887,21.4376877693683,153.245905444567,437.2630133023122,1,-1,-1,-1
107,63,93.2635393383369,131.0378962001955,84.75301110151109,213.2575808968692,1,-1,-1,-1
107,53,190.1100580585373,81.34709319978708,133.6581719338073,353.600927671334,1,-1,-1,-1
107,24,367.2314991731372,122.6354913910975,98.88334694223978,231.8321398463368,1,-1,-1,-1
108,69,-1.807944118298664,20.29508943519608,153.6760289540715,425.3053008532548,1,-1,-1,-1
108,63,122.8620402096258,134.6357338339824,72.8666054142594,182.2664415801346,1,-1,-1,-1
108,53,190.8163592995163,75.7972809755907,132.2328713150721,351.7264288130444,1,-1,-1,-1
108,24,362.2173141785953,118.7219016229396,100.058535758343,234.8641832629233,1,-1,-1,-1
109,69,12.08611472568464,22.73908636217149,146.6670271675669,406.4398639650991,1,-1,-1,-1
109,63,136.9820388988647,142.342822222343,63.14710337974787,157.3187891243054,1,-1,-1,-1
109,53,191.2431508212118,72.67258217230508,131.4412650711184,348.565496513009,1,-1,-1,-1
109,24,359.6747745103857,115.1862213679676,101.8571671118749,240.1309426129271,1,-1,-1,-1
110,75,424.2673736518877,-55.12808415536739,230.8217840128085,588.0286223124216,1,-1,-1,-1
110,69,17.3848613129208,20.60587327062933,147.490099316891,408.7207401706456,1,-1,-1,-1
110,63,154.2834107152997,164.6951240558701,46.74203628840965,116.9526103809766,1,-1,-1,-1
110,53,193.8098842392834,76.74689450089315,130.2567453737012,344.9672385403165,1,-1,-1,-1
110,24,358.7501222695717,117.6774521821998,102.4025795130691,242.6711589768281,1,-1,-1,-1
111,75,424.2673736518877,-55.12808415536739,230.8217840128085,588.0286223124216,1,-1,-1,-1
111,69,-10.82781235342927,-7.63293355235453,181.9601422835933,506.1219789196742,1,-1,-1,-1
111,63,162.4760588711001,168.1716636062732,41.65355010306246,104.4953511792337,1,-1,-1,-1
111,53,194.5599055250538,74.7574645202636,129.9405755353885,342.6151205982405,1,-1,-1,-1
111,24,356.5484029866464,112.6469072835014,101.9947656704062,239.6502804356494,1,-1,-1,-1
112,69,-8.549117218399829,-24.22133317448493,203.5957713719701,547.5349245849443,1,-1,-1,-1
112,63,165.255856975124,168.6309546617156,40.26970120444824,101.0237196788719,1,-1,-1,-1
112,53,194.9447337800595,64.20503566538218,129.3457752478333,340.7267719075266,1,-1,-1,-1
112,24,349.9432782489448,99.80871890014659,101.2493980192151,235.3449510392151,1,-1,-1,-1
113,53,192.7584566848019,45.49479899107035,129.8021220434,340.6716287862138,1,-1,-1,-1
113,52,4.381195954111661,-26.05055078036605,211.5628720039213,544.9152756691794,1,-1,-1,-1
113,24,347.431811788852,82.16927593846235,100.9920924307027,234.3446865491904,1,-1,-1,-1
114,77,405.4283022500783,-82.84886509302692,242.8132285964344,588.0000858656525,1,-1,-1,-1
114,53,188.1098829963337,19.66609149238596,128.9528992024262,341.4235945528012,1,-1,-1,-1
114,52,-15.77308897822577,-62.58151524704957,195.9169771998819,509.296659585184,1,-1,-1,-1
114,24,340.5997506139054,55.36770951076439,100.806212392747,233.2340538806882,1,-1,-1,-1
115,77,405.4283022500783,-82.84886509302692,242.8132285964344,588.0000858656525,1,-1,-1,-1
115,53,187.0947631927424,5.540228708093821,127.2012057352234,341.9534656790602,1,-1,-1,-1
115,52,-10.60060421573573,-71.06538801287644,185.1149261694831,480.9337227882529,1,-1,-1,-1
115,24,338.1766260737115,45.02773013248034,100.1248898867812,233.2716868732332,1,-1,-1,-1
116,53,155.848073222102,4.116116808078658,150.970809761431,392.6188684281283,1,-1,-1,-1
116,52,-5.713769243639518,-50.91574779500266,175.3113087322224,456.7290499601912,1,-1,-1,-1
116,24,331.8382023502661,56.01846328173126,98.77757688782033,232.7891243409292,1,-1,-1,-1
117,53,155.6906663226307,25.30709357740284,165.4588703784739,422.3129205554707,1,-1,-1,-1
117,52,3.717119326711867,-19.67549590263414,164.7699636037534,433.5388918346536,1,-1,-1,-1
117,24,328.0180280900453,81.18917455760823,97.12671030984212,232.1239489146628,1,-1,-1,-1
118,79,392.7738082837121,-42.98259123087831,217.3697723485914,567.0741343771508,1,-1,-1,-1
118,53,170.7491995950935,41.44907416672498,177.6298665919703,438.255511459836,1,-1,-1,-1
118,52,15.83134469056279,2.216037181334258,155.8732521846507,413.3025530748343,1,-1,-1,-1
118,24,333.4300592422967,101.3748074440117,94.93135150512805,231.486463397614,1,-1,-1,-1
119,79,377.9149684346716,-59.07706613195722,222.4405022087136,594.5121054400505,1,-1,-1,-1
119,53,181.6517211692191,39.25928422117744,184.2849175384241,444.3883209508836,1,-1,-1,-1
119,52,13.20295484843248,10.29791352051473,150.3599543288505,397.9194322316391,1,-1,-1,-1
119,24,329.6834210976396,107.1391915438454,93.26262794944913,230.9338805803041,1,-1,-1,-1
120,79,373.7970849865796,-59.47605499898796,222.2687261774282,594.9522084904097,1,-1,-1,-1
120,53,166.118699071394,32.65480548526202,164.0588513459657,420.6394755898859,1,-1,-1,-1
120,52,10.8928971226311,17.85008089546494,146.8426811490212,387.2169048554419,1,-1,-1,-1
120,24,272.8347188663143,97.3523422924182,113.1409665512075,279.6398005283165,1,-1,-1,-1
121,79,371.3966857285318,-39.89171779243549,220.5676431723117,591.0058278930373,1,-1,-1,-1
121,53,164.8600155415072,48.55176312253835,151.1714488325637,400.0020996494282,1,-1,-1,-1
121,52,8.640474253038136,35.77515318066091,143.9964381483114,378.0698124955624,1,-1,-1,-1
121,24,270.0974273295355,101.3947166119723,120.267613448394,303.0696024428145,1,-1,-1,-1
122,79,377.5658294768891,-21.71905320268229,216.5686686348791,579.1551396817777,1,-1,-1,-1
122,53,170.5487100414522,69.89509415822067,142.4014093830549,381.801284760456,1,-1,-1,-1
122,52,6.784352950716794,56.13905130644463,140.6932738415675,368.1282869162469,1,-1,-1,-1
122,24,282.8717850767736,111.1814005483803,128.7781915255381,323.9679168494695,1,-1,-1,-1
123,79,383.2829077369718,-20.12594266459223,213.0916607506415,569.947190028965,1,-1,-1,-1
123,53,172.4673519064891,74.9670673335838,135.7780092073163,364.1225235355357,1,-1,-1,-1
123,52,0.5959556765957927,60.92983122965606,138.1254359463632,357.7253170122486,1,-1,-1,-1
123,24,294.2475517471647,107.7907282796763,135.7219106623311,337.9821270411786,1,-1,-1,-1
124,79,390.4627697211271,-29.8707822030467,214.67434191593,568.9365168309193,1,-1,-1,-1
124,53,172.305694503914,71.8535006717361,130.7362461415526,351.0346918966578,1,-1,-1,-1
124,52,-5.219670149381471,55.57805248947633,135.8869471751451,351.4919059999244,1,-1,-1,-1
124,24,303.3259057339469,97.09845765154273,137.3837033289009,341.311725815977,1,-1,-1,-1
125,79,341.5967184422724,11.33793217832891,178.9663172311429,474.557397148592,1,-1,-1,-1
125,53,170.1702842755317,66.91681983186953,128.6969370729372,341.5280444638573,1,-1,-1,-1
125,52,-9.463023821777774,48.50058076666534,130.8050685971101,346.93929866906,1,-1,-1,-1
125,24,299.0365835371082,85.04090856411412,124.7266423671258,316.6419024343198,1,-1,-1,-1
126,79,341.4642323410925,44.84214732566102,152.2368432462118,407.0347135774117,1,-1,-1,-1
126,53,169.4757204470353,70.95307675706837,127.6953608117724,333.8812066981106,1,-1,-1,-1
126,52,-12.09778376997032,50.13672358706879,127.0309221890615,344.6469120618063,1,-1,-1,-1
126,24,300.0065582961251,87.70752609069726,114.778106779746,296.7313431586339,1,-1,-1,-1
127,79,360.7738354603768,71.3791467571665,134.0934425384357,362.0274583815723,1,-1,-1,-1
127,69,-10.70735890014183,64.48045261927379,117.5746282338873,324.2593671417321,1,-1,-1,-1
127,53,167.4229402620194,75.51561032193342,127.0735699656448,328.9566856854917,1,-1,-1,-1
127,24,303.7782931737149,94.04919825711818,108.5724047266256,282.7338286038217,1,-1,-1,-1
128,79,381.7228606825333,84.54528389321086,117.7544909124439,321.8821957658492,1,-1,-1,-1
128,69,-8.870125514131146,68.98257112594638,115.4591042472399,322.3393920030474,1,-1,-1,-1
128,53,168.7757145744363,78.14923407555909,126.8447486003859,325.8076318862554,1,-1,-1,-1
128,24,311.6576851539909,98.92208142276809,105.3501436472523,273.1196804305687,1,-1,-1,-1
129,79,405.655771431112,94.78604706457364,105.4679787278173,292.02632439934,1,-1,-1,-1
129,69,-6.645066267812851,65.03689644814941,115.9505331666927,320.5859382424098,1,-1,-1,-1
129,53,171.0047024462831,72.89971754289675,127.4411622005689,324.752427201372,1,-1,-1,-1
129,24,319.1342671477231,98.2185035989105,103.9347031980402,265.686755657904,1,-1,-1,-1
130,79,411.941467417143,119.7549999119309,87.15122884231749,241.3097637093063,1,-1,-1,-1
130,69,-7.190549280154549,57.4180182605933,114.9179932632746,316.1518014332927,1,-1,-1,-1
130,53,169.9039629418959,65.2606251695459,127.5710182256727,323.3742372871106,1,-1,-1,-1
130,24,324.0747559562156,92.50506189669656,103.3528534615937,261.883479881931,1,-1,-1,-1
131,81,302.7637143603354,164.9696912274234,30.04246208188608,82.06082423238682,1,-1,-1,-1
131,79,446.875455434876,11.27633222953344,167.3031925209934,444.4004704409978,1,-1,-1,-1
131,69,-8.247599748941255,57.6172568581172,111.9996253921146,312.4796791912185,1,-1,-1,-1
131,53,171.6514103134354,66.72970465147006,127.1136351555588,322.1665786738359,1,-1,-1,-1
131,24,326.3290011694682,95.39868027239768,102.6346983586245,258.0675816020421,1,-1,-1,-1
132,81,303.3204035285973,171.3734726871314,30.01118436277293,83.0273885354956,1,-1,-1,-1
132,79,451.8763538105676,-6.950780467369043,181.6581008745502,482.2781063607225,1,-1,-1,-1
132,69,-9.839902383687331,62.88008169729548,109.2129546112503,308.5419812239312,1,-1,-1,-1
132,53,170.266913534756,72.65202039593623,127.127878278987,322.7522925780768,1,-1,-1,-1
132,24,326.8877567614571,100.1975713303233,102.5906080532988,257.4583704528459,1,-1,-1,-1
133,81,308.7587124342429,177.6325301947852,30.26039508617747,84.11346498820532,1,-1,-1,-1
133,79,454.4866569202778,-17.1864862953515,189.1136658150439,503.1161010067912,1,-1,-1,-1
133,69,-11.31749341959667,73.95117452011019,105.7837809065478,305.3465564809961,1,-1,-1,-1
133,53,172.2788906557253,80.3240024845152,125.9127681052956,325.3344475325713,1,-1,-1,-1
133,24,327.4251110189891,107.4324931927908,102.0032611923873,258.998300659669,1,-1,-1,-1
134,81,307.5851163169963,178.5568146443837,30.73362001675909,85.1247105175143,1,-1,-1,-1
134,79,454.8466829210006,-26.86764890199368,192.753178291809,518.4396244487626,1,-1,-1,-1
134,69,-12.5436102144463,82.68266557989017,101.916406329095,303.4893223992258,1,-1,-1,-1
134,53,169.1132272999051,85.98226731869619,125.2532328907638,328.8497529102978,1,-1,-1,-1
134,24,323.272555164667,111.5661828737902,102.1022516544839,261.0608652169186,1,-1,-1,-1
135,83,72.3583259988514,144.9762537246078,80.18700539531922,198.6943764286254,1,-1,-1,-1
135,81,283.3214310269208,180.6121908123612,40.00199928095241,109.621200247473,1,-1,-1,-1
135,79,460.3894341697442,-24.10962224715905,191.3887231185098,519.7778257138199,1,-1,-1,-1
135,69,-13.53252419240683,89.06796006592111,97.51801048357555,300.9474290678334,1,-1,-1,-1
135,53,166.188381145854,90.26389602424604,124.4343757930675,333.9757143473408,1,-1,-1,-1
135,24,319.020472790772,115.4881620667979,103.542899520983,265.1158160496697,1,-1,-1,-1
136,83,73.71430124996741,139.9941781700931,84.69561454676433,203.201550825592,1,-1,-1,-1
136,81,276.542184387072,177.1360386656738,45.10557710173596,121.1032351586063,1,-1,-1,-1
136,79,461.4047902101126,-18.98347403689874,192.6406840278499,524.6779912463113,1,-1,-1,-1
136,69,-14.682309602607,93.04814186896141,95.88332987489429,295.9026899053941,1,-1,-1,-1
136,53,162.6591349694792,88.30424753917785,124.7813419486415,339.3677068180347,1,-1,-1,-1
136,24,314.1793751390016,115.1865286398163,106.3751277961804,270.1718156444334,1,-1,-1,-1
137,83,86.53311446661469,137.710628753193,81.95029033144823,195.8634341901213,1,-1,-1,-1
137,81,280.2663675398459,171.4363451812044,48.23032151718576,128.0969284103537,1,-1,-1,-1
137,79,466.9014502409412,-17.12031500978625,191.4979823947727,521.5657182575477,1,-1,-1,-1
137,53,159.099742869958,79.1984947418307,125.5041117416008,341.1822624415677,1,-1,-1,-1
137,24,311.8751279616124,109.3835520694441,108.3683340497236,275.174628857252,1,-1,-1,-1
138,83,99.20679844843259,142.3009296701537,76.87468042599565,189.3225288450174,1,-1,-1,-1
138,81,284.4120801110826,171.3735154499421,49.26186737149612,130.8868243389497,1,-1,-1,-1
138,79,474.1402265686521,-19.18494895152349,188.592304066284,517.6428243983543,1,-1,-1,-1
138,69,-15.09689118597084,89.12837927384595,86.89079046335715,284.5868935962897,1,-1,-1,-1
138,53,157.3030878706836,75.61047446489138,126.7976467225394,342.4836404867351,1,-1,-1,-1
138,24,311.07557869815,108.1967401192473,109.1621767207799,278.9474005114627,1,-1,-1,-1
139,83,116.2191636647634,149.2414630339717,76.49225904511111,190.5404066201943,1,-1,-1,-1
139,81,287.4420976284638,171.1134878941028,46.61774075381265,123.4103167060807,1,-1,-1,-1
139,79,480.0013392227894,-17.67545759494087,187.4204100648696,514.4262428745693,1,-1,-1,-1
139,69,-14.10836420721457,91.56104780431926,83.36892377944737,281.3547368643152,1,-1,-1,-1
139,53,156.391352660735,79.94259604866514,128.0431965091083,344.0388030943359,1,-1,-1,-1
139,24,310.573200932094,109.8990301184746,109.7505805309933,280.2694805555315,1,-1,-1,-1
140,83,127.9398295706061,151.2075420134251,75.353317514365,187.703330227183,1,-1,-1,-1
140,81,285.7366611662074,171.7892151795798,48.29281279466909,127.8447051540169,1,-1,-1,-1
140,53,149.1777866340496,79.78346855836281,129.9174744162249,347.3404676021856,1,-1,-1,-1
140,24,306.2522313070427,105.7866209844105,110.0741400434392,281.8830475759645,1,-1,-1,-1
141,69,-14.66802688934062,93.55935508273154,78.88213409938044,267.3412522879923,1,-1,-1,-1
141,53,143.253721597196,77.78546139803044,132.7772721555954,352.8078381751743,1,-1,-1,-1
141,24,301.9417822637383,100.5260818028849,111.8193875063717,285.8065467734745,1,-1,-1,-1
142,69,-15.52526257147914,96.84553888189319,76.90655305821191,260.6457652100563,1,-1,-1,-1
142,53,133.7389672513399,80.93781458009167,135.9798102940553,359.3017798669788,1,-1,-1,-1
142,24,295.2211873038494,101.39666423378,114.4269305285936,290.3441558274468,1,-1,-1,-1
143,89,499.5685725448334,178.6841369110858,39.96566863103621,100.0807729196608,1,-1,-1,-1
143,53,126.6812476551825,81.67108594071405,140.0742819052305,366.9201052042602,1,-1,-1,-1
143,24,292.1487525845694,104.0724245061279,116.5921992969459,295.1719432411849,1,-1,-1,-1
144,89,518.6110041189048,177.5349018321953,42.05589640664925,103.7007093558063,1,-1,-1,-1
144,53,123.4254784044903,77.8296389595709,143.1331281969286,369.6622678334489,1,-1,-1,-1
144,24,295.0799926239156,104.6834104755982,121.6486280211318,301.8569967664934,1,-1,-1,-1
145,89,533.9684558710054,176.0958450859626,44.03669119585825,106.439756466423,1,-1,-1,-1
145,53,125.315373295113,74.17696748765329,146.2627823308621,371.1387492162326,1,-1,-1,-1
145,24,296.0776349331295,102.3322891568931,127.9658433088549,309.3788649119555,1,-1,-1,-1
146,92,-9.133633730833537,91.21407543114475,93.52424046817565,293.446729148142,1,-1,-1,-1
146,89,548.6450239247749,174.8014166563471,45.90054016194872,108.9109907176781,1,-1,-1,-1
146,53,125.9221716528864,70.60348652066222,147.6740138401132,375.6016112516303,1,-1,-1,-1
146,24,296.0678118580965,97.87602189522426,131.2196459310948,315.3546628620077,1,-1,-1,-1
147,92,-7.624992623460948,88.28745604865784,96.57870291063921,300.1707360109521,1,-1,-1,-1
147,89,564.958103275004,173.1610474600961,47.39213562147714,112.4501895740328,1,-1,-1,-1
147,53,123.9761409218063,68.96502360653545,148.6382858164079,381.6736934862143,1,-1,-1,-1
147,24,294.2254293529343,93.27355912639581,131.895617738876,319.181271662826,1,-1,-1,-1
148,92,-6.015944959331819,80.71841901068652,99.54112056958508,305.105553137682,1,-1,-1,-1
148,89,576.3537163938612,170.2921607901604,47.50753443931635,111.3340275382979,1,-1,-1,-1
148,53,125.2045513196308,63.65912788140542,149.3600752177883,389.4640048314729,1,-1,-1,-1
148,24,293.1211837599955,85.242257233217,133.1547282525373,325.2687283028408,1,-1,-1,-1
149,93,431.6285567471166,143.6258494228415,80.56425879802525,202.4947569537666,1,-1,-1,-1
149,92,-5.77739358256553,79.17230163148071,100.5608922097382,305.1072739639714,1,-1,-1,-1
149,89,591.6021442452522,168.3491997744893,48.58837768323591,113.8669864237318,1,-1,-1,-1
149,53,127.5710032918413,59.75326563458452,149.8767079281172,396.3910287602747,1,-1,-1,-1
149,24,291.1609200414822,79.695707692486,136.5304614369519,332.1054376923335,1,-1,-1,-1
150,93,456.745560694076,135.7582356128889,96.09544299635387,230.0490280036754,1,-1,-1,-1
150,92,-2.389494739367962,79.45518681009247,102.9746461699379,303.9319980844714,1,-1,-1,-1
150,89,603.1811972556854,164.2655190580906,45.48728741519981,112.0800768736985,1,-1,-1,-1
150,53,130.4469813592507,60.12230426530371,150.3997292401208,403.4214699348456,1,-1,-1,-1
150,24,294.6986737754899,79.83343470150399,137.6230790179231,338.9903693056501,1,-1,-1,-1
151,93,483.6958923534746,127.4800276199237,107.9474189932076,258.4222314874509,1,-1,-1,-1
151,92,-1.717844064082207,73.68848882748514,104.7148805069236,302.1805069768129,1,-1,-1,-1
151,89,617.7396461268314,162.1741551736812,46.06522129985906,113.5040983509361,1,-1,-1,-1
151,53,130.547762058801,54.96922348288908,152.6981126676564,412.8627305599203,1,-1,-1,-1
151,24,294.5028452334446,78.29727308416633,141.0567045166864,348.5549872581551,1,-1,-1,-1
152,92,-2.971461066457557,73.54629984103804,103.5969666014847,297.7007613743095,1,-1,-1,-1
152,53,126.1517007105337,46.64361896231856,154.3113296747473,416.6949200189688,1,-1,-1,-1
152,24,293.4536236457877,77.30263566659212,144.2780210564965,357.0488077087453,1,-1,-1,-1
153,93,530.8162942140737,124.1201528227394,106.5882872009259,261.6540350789599,1,-1,-1,-1
153,92,0.05279627441749568,78.3952191209541,104.7963765491781,295.5690976240467,1,-1,-1,-1
153,53,125.8931967275416,43.0623868952363,156.1176730088464,418.6024212388791,1,-1,-1,-1
153,24,296.2030492250976,74.61127261740739,147.429148026894,365.1784669032783,1,-1,-1,-1
154,93,557.1014565195674,123.071401374378,100.0133849941016,264.3128617465936,1,-1,-1,-1
154,92,-1.490558333202799,85.69289402732468,106.0519295084158,296.3346107676786,1,-1,-1,-1
154,53,119.0926884881372,40.49614440716101,157.9461030274029,422.1211670823815,1,-1,-1,-1
154,24,291.8326583565876,70.60464705784392,151.15915523555,369.8750244753451,1,-1,-1,-1
155,93,582.0775174148898,120.5229353096347,103.3137591273194,273.0350076077369,1,-1,-1,-1
155,92,-2.384737819000726,89.98275311450411,106.6804127257895,298.0292397814314,1,-1,-1,-1
155,53,111.5107423140038,43.24389787349148,160.6332595781701,428.1159308763765,1,-1,-1,-1
155,24,289.6807714489163,66.49081616265678,153.4588096522301,372.5946880880469,1,-1,-1,-1
156,92,-4.348168957016235,87.48693510225553,105.8313770372106,298.4354102937522,1,-1,-1,-1
156,53,98.53028386853796,42.7607111658358,165.4622749469955,437.7334124725281,1,-1,-1,-1
156,24,283.0508134977444,61.94125619047111,153.6361229326452,375.3782496169964,1,-1,-1,-1
157,92,-6.709538136258864,86.08692708236416,104.8720231827024,298.9334936864161,1,-1,-1,-1
157,53,95.63725602892715,42.05975540423071,166.4668341727245,440.3909918999232,1,-1,-1,-1
157,24,279.9616939788945,60.77202236078585,154.8748497472388,379.3886573454178,1,-1,-1,-1
158,92,-7.318570007702469,83.22036509221687,103.6902716089458,295.5028630283685,1,-1,-1,-1
158,53,73.84044244411325,36.37313152291227,175.9759456554543,449.707966027941,1,-1,-1,-1
158,24,277.5933546004559,62.26414631066856,157.6996044105911,385.63924102493,1,-1,-1,-1
159,98,439.3693917567485,138.7552775684837,82.55776134179428,212.2397431030006,1,-1,-1,-1
159,99,399.0457310925948,152.1865517553744,46.84884543199781,122.9021844642158,1,-1,-1,-1
159,92,-5.623274615655092,83.61529886309958,103.3694653503183,291.3354431414994,1,-1,-1,-1
159,53,66.26133969571892,31.82406439989654,182.7954202723263,458.4409244629002,1,-1,-1,-1
159,24,277.2328453321255,62.5839232537391,161.8486679161474,392.406603078741,1,-1,-1,-1
160,98,458.2078631695567,135.5851656224105,86.62224509034942,217.6256320903757,1,-1,-1,-1
160,99,411.9984195526166,150.2698668934871,45.57159088659724,119.1062926654313,1,-1,-1,-1
160,92,-4.91609866476859,83.33865924936114,103.3794735700819,290.3422903468309,1,-1,-1,-1
160,53,56.84130212763444,24.24348542603749,186.5248271978724,465.243998167682,1,-1,-1,-1
160,24,273.4602609868051,57.07185980602586,166.6944423604111,398.1648820927857,1,-1,-1,-1
161,98,476.9188590538483,140.8878408950093,87.72159495502066,218.2868708030374,1,-1,-1,-1
161,99,416.5777051413372,151.7932390206781,46.20325482082218,121.0579885889282,1,-1,-1,-1
161,92,-2.94969351476756,89.52557078236313,103.7978948818847,290.1933752002278,1,-1,-1,-1
161,53,51.32902533355228,22.59974187319142,187.8323123889121,473.502483454644,1,-1,-1,-1
161,24,266.9806451585302,55.16955477801946,170.4607620103757,403.958011924683,1,-1,-1,-1
162,98,490.4309846717309,142.2636241869535,88.52073636123198,218.5567499674504,1,-1,-1,-1
162,99,417.407008635883,153.961376311775,46.40679349878916,122.2545962456903,1,-1,-1,-1
162,92,-2.448101823960933,89.32588071767267,103.9526997460859,290.6261715116665,1,-1,-1,-1
162,53,40.8346425018028,19.95191829688937,188.9423371274993,480.8342992787277,1,-1,-1,-1
162,24,256.360315313365,50.34412473367956,171.972387492752,406.1106499420573,1,-1,-1,-1
163,100,462.3959889094117,153.9153350242103,45.59458556896071,125.9992346812491,1,-1,-1,-1
163,98,511.6690048263208,141.0794278981577,90.11614545798162,221.1673495379298,1,-1,-1,-1
163,99,421.2163429821779,153.4886687329213,47.6573216770752,124.986072214941,1,-1,-1,-1
163,53,30.41164174527154,18.89490229259849,190.1033331512191,491.8139651604536,1,-1,-1,-1
163,24,250.0581097273858,47.53730210984952,172.8111200678251,408.9784077053433,1,-1,-1,-1
164,100,468.6460098728691,158.7715698944003,46.44309584914101,127.0211403721009,1,-1,-1,-1
164,98,527.2722036111866,141.6916926677927,90.27686616368868,220.3278405066057,1,-1,-1,-1
164,99,424.5540054776121,155.7918635842516,48.22446505045377,125.9880694584661,1,-1,-1,-1
164,53,18.23400543959917,20.77215029671305,190.8108902561321,499.583361612849,1,-1,-1,-1
164,24,242.7830950065988,50.636799404421,174.7094229808237,414.1226090735575,1,-1,-1,-1
165,100,475.017322443611,163.3126168365857,47.04647504119765,128.6713730202599,1,-1,-1,-1
165,98,547.2336667965194,140.294403741848,90.41493073993333,222.4647903496172,1,-1,-1,-1
165,99,429.6023484563864,153.3015015988893,49.20900737164038,128.0145166866582,1,-1,-1,-1
165,53,3.234212878888641,14.67907196009457,191.7251290453094,503.8742215513022,1,-1,-1,-1
165,24,239.3389389191088,53.01771020308428,176.9295245177136,421.8368232236683,1,-1,-1,-1
166,100,477.832980337759,155.1332087244196,47.42468534392631,130.248895026014,1,-1,-1,-1
166,98,560.5989279698257,142.6079749244679,89.30082730434214,222.3534094558478,1,-1,-1,-1
166,99,433.2107273778444,152.5693763402956,49.37419784462303,129.0433186259494,1,-1,-1,-1
166,53,-3.835449676829853,13.91300354378689,192.8241127031218,506.7624685840995,1,-1,-1,-1
166,24,233.1799062168455,55.38611815916445,179.5359555734312,429.952410790097,1,-1,-1,-1
167,100,485.4941793268013,157.7163485881554,49.47081284069223,133.7468642005422,1,-1,-1,-1
167,98,577.8668391904188,143.1342347884475,89.89191225586883,223.8251735841027,1,-1,-1,-1
167,99,440.6694607762498,156.1240811047789,49.89853526324443,130.3845628797888,1,-1,-1,-1
167,24,232.8309681676155,59.78034793923428,180.7676728892951,434.1740633961823,1,-1,-1,-1
168,100,494.5199736636121,155.5827181074558,50.01536644002157,135.4473546031759,1,-1,-1,-1
168,99,447.1248679835678,154.3780822052252,50.87468339782004,132.4061799341757,1,-1,-1,-1
168,24,232.5627320970598,58.29409918036916,181.64046412975,437.8033929055089,1,-1,-1,-1
169,100,505.3047553627722,152.4193334323593,51.07957630603957,137.6685311295356,1,-1,-1,-1
169,99,457.432356774664,151.1056429871609,51.25488896365941,134.5723580533763,1,-1,-1,-1
169,24,232.8481993396264,53.62761161747844,181.2973289092717,439.0701142472424,1,-1,-1,-1
170,100,512.7855320521198,150.6666612187517,52.2604530321804,139.7352864718148,1,-1,-1,-1
170,99,464.7688434842022,150.7163564147415,52.11271874155558,136.6173621800986,1,-1,-1,-1
170,24,229.2157844875191,47.68489694481346,180.7597982082789,439.56677480632,1,-1,-1,-1
171,100,519.1457109432904,150.8391381029508,53.55806239413435,142.1834891506648,1,-1,-1,-1
171,99,471.2938007292532,150.0604287482381,52.72667173408738,139.1464300252607,1,-1,-1,-1
171,24,226.7207050989803,45.36294524572554,182.8992208482756,443.9763689504867,1,-1,-1,-1
172,100,526.4498414136599,150.1370319648165,54.40043237338579,144.4197743606179,1,-1,-1,-1
172,99,483.4813621674598,148.9466166931928,53.8842522633549,141.5819408948998,1,-1,-1,-1
172,24,230.9205360131264,43.16940337598422,185.8818351446459,448.3071906360943,1,-1,-1,-1
173,100,540.5238554732605,143.032407199757,57.00139530483582,148.7115732975047,1,-1,-1,-1
173,99,492.0042743969177,143.6739991218554,54.96863860334947,143.9392057577311,1,-1,-1,-1
173,24,231.8678905331503,39.13113230938558,188.4660073626215,452.057373915428,1,-1,-1,-1
174,100,554.709084287428,138.4375713058112,58.81023115584239,152.0459874331647,1,-1,-1,-1
174,99,506.6508523678339,138.5925447314954,56.32205347880625,147.1737820965722,1,-1,-1,-1
174,24,235.4548914158132,37.16696354753836,191.4727562792336,454.373249339132,1,-1,-1,-1
175,100,567.1596004306519,135.5209426455231,60.26719048345203,154.9320153943657,1,-1,-1,-1
175,99,516.2656680233405,135.218318758054,57.25197048563934,150.0890391220744,1,-1,-1,-1
175,24,231.2908212492938,33.97599091691455,195.3219497229114,459.9395452947228,1,-1,-1,-1
176,100,575.4258125067017,131.9874046731296,61.87951594408728,157.926325042475,1,-1,-1,-1
176,99,525.1941098343273,131.3965739513558,58.94477011379638,153.2025994383792,1,-1,-1,-1
176,24,226.1725209393023,28.6956053929824,199.7100826247288,466.249567692217,1,-1,-1,-1
177,100,582.5133039655118,127.5775138697037,62.25597946543451,160.2795602612213,1,-1,-1,-1
177,99,533.7773851796089,126.4995265771337,60.39842364990242,156.2597214023611,1,-1,-1,-1
177,24,216.850971523771,21.98757557259572,203.905439537437,473.8489071831419,1,-1,-1,-1
178,110,43.07746210015087,92.32215800644772,107.392998107493,254.5069110711777,1,-1,-1,-1
178,100,591.5259337457347,125.2519398174456,63.23325204939439,162.7955727207057,1,-1,-1,-1
178,99,542.4783016347229,119.4758466747422,62.33875115568387,160.7994222300224,1,-1,-1,-1
178,24,208.674766263534,14.44611016540563,206.6543560495022,478.5656880846244,1,-1,-1,-1
179,110,38.27467220015176,91.47779291657578,105.8244076911291,250.1624261256448,1,-1,-1,-1
179,99,547.0584928176776,117.846520655422,63.74999590868916,164.0376461306697,1,-1,-1,-1
179,24,202.9514320389714,13.61248679485297,208.8339751338702,484.6355234154631,1,-1,-1,-1
180,110,33.49654201914596,90.71348385991917,102.7685389220762,239.6504407805392,1,-1,-1,-1
180,99,550.0122562165237,116.6512065898703,65.39048794639159,167.1491788060667,1,-1,-1,-1
180,24,193.5762905478257,11.64299893993839,211.7391530424183,490.5514543166775,1,-1,-1,-1
181,110,25.50550134231038,91.71884997809077,100.9675516511615,239.9851776610363,1,-1,-1,-1
181,99,552.5812958441312,112.6862094736482,66.59935530861276,169.9637014952787,1,-1,-1,-1
181,24,183.6149567010794,10.66183815431827,213.4785584641029,497.2839591826097,1,-1,-1,-1
182,111,104.6035794519151,164.5299082417772,30.72267563540987,77.254836392866,1,-1,-1,-1
182,110,20.8044008347005,96.08023145557114,101.149351044066,241.9232687265706,1,-1,-1,-1
182,99,555.0841608663017,112.8040096046069,67.83334988092399,172.9396251369249,1,-1,-1,-1
182,24,173.6246525189622,10.68051344307298,214.4814250883325,498.9792758489972,1,-1,-1,-1
183,111,104.6035794519151,164.5299082417772,30.72267563540987,77.254836392866,1,-1,-1,-1
183,110,20.26177366633417,94.69453471287403,99.72324332579213,239.2424530391139,1,-1,-1,-1
183,99,557.348595183154,112.1023771095506,69.36738856538223,175.7037867909975,1,-1,-1,-1
183,24,163.5533571567238,10.32350559607031,215.2817218346779,500.4192345455346,1,-1,-1,-1
184,110,14.82681198114916,91.42031994699613,101.4201191508251,243.1791966339815,1,-1,-1,-1
184,99,559.2505970677682,108.6122707293943,71.47642292075048,179.2331722384447,1,-1,-1,-1
184,24,154.5543531555732,6.776764662823979,218.0313826658013,503.6016876020338,1,-1,-1,-1
185,110,5.683684624116587,84.84288285013018,103.7806688928444,247.3140809440876,1,-1,-1,-1
185,99,561.1682759793021,106.2495558590811,73.43112371626333,182.2855232586481,1,-1,-1,-1
185,24,135.7454198999609,-4.266731577206912,221.0639672337444,507.6939714261227,1,-1,-1,-1
186,110,-0.1617709692739453,82.08366495120076,105.4793208325977,249.0227131170577,1,-1,-1,-1
186,99,563.5455055404319,102.7581378475821,74.58666994503569,184.9952844883094,1,-1,-1,-1
186,24,121.427988600017,-12.79759271974368,224.501607650947,513.7971903693414,1,-1,-1,-1
187,110,-5.099431044367897,79.98379457344544,103.8791098538004,248.5179848898172,1,-1,-1,-1
187,99,564.1570299296118,100.3308168730149,75.59255545045684,187.8437765251525,1,-1,-1,-1
187,24,101.7371157580767,-20.45149965604273,229.9850121492796,520.9661289774791,1,-1,-1,-1
188,110,-6.360451600486108,78.7540055264249,102.9209469560102,249.0508163962541,1,-1,-1,-1
188,99,569.0412437311911,98.29399807974727,76.44680686099595,189.9665491990142,1,-1,-1,-1
188,24,86.42906214583928,-27.66021892453765,235.8324718105394,528.3598713955581,1,-1,-1,-1
189,110,-7.591060152326484,79.08413866985873,100.4002453459825,248.0134963679404,1,-1,-1,-1
189,24,68.71379171222247,-28.02246361939217,241.7612353119754,534.8478612801946,1,-1,-1,-1
190,110,-7.055569070489085,75.29659050775193,97.4826638910699,246.7007410247595,1,-1,-1,-1
190,24,50.70276442446441,-32.77119225994917,250.5771496239194,546.6059080912172,1,-1,-1,-1
191,117,581.5106264192088,79.71558552709129,67.13991881463633,203.6271265365933,1,-1,-1,-1
191,110,-11.14113524023028,74.10162283487659,97.04181205460782,245.5850711159144,1,-1,-1,-1
191,24,22.97723605565025,-44.76196810974196,259.4052255259016,559.2923262744689,1,-1,-1,-1
192,117,581.5106264192088,79.71558552709129,67.13991881463633,203.6271265365933,1,-1,-1,-1
192,24,3.432008665708651,-49.48156433647625,264.9532241531949,568.5140109422792,1,-1,-1,-1
193,24,-7.4254348108187,-51.03814366424703,265.0835037888743,568.7935538633396,1,-1,-1,-1
195,118,-26.8356876373291,-50.83526611328125,249.3790225982666,565.50830078125,1,-1,-1,-1
196,118,-26.8356876373291,-50.83526611328125,249.3790225982666,565.50830078125,1,-1,-1,-1
197,118,-27.20673738579302,-40.84039550842994,237.7055637023493,551.9381302341287,1,-1,-1,-1
198,118,-28.06396259039273,-34.01952084327627,233.2126848052003,541.5059336156012,1,-1,-1,-1
204,126,-35.73468780517578,-56.27337646484375,222.1707382202148,569.5018920898438,1,-1,-1,-1
205,128,128.7933642742133,155.0886518701998,36.73111133416392,85.72332963806279,1,-1,-1,-1
205,126,-38.08875092486961,-44.94305963146934,213.8068186009581,553.0727177630458,1,-1,-1,-1
206,128,126.4126684297547,160.0657756577417,37.61053710283019,87.40383023157992,1,-1,-1,-1
206,126,-40.81711340809039,-31.98154493132341,206.1939928048099,533.3799582875374,1,-1,-1,-1
207,128,125.6519602266894,161.0794287032297,37.76539838535827,87.81768503324859,1,-1,-1,-1
208,128,126.3542083263136,157.3702611773546,36.38243841125918,85.47868018074684,1,-1,-1,-1
209,128,125.7086584107505,161.1678025009199,37.55053660842443,87.03081957420011,1,-1,-1,-1
210,128,118.5751005406422,174.3887361237236,37.76547600459333,87.65629211126462,1,-1,-1,-1
211,128,120.5003019479201,188.7573608729896,38.24506171096597,89.01785227234272,1,-1,-1,-1
212,128,114.3660651603272,186.650465796826,39.02565032949615,90.97024048505885,1,-1,-1,-1
213,128,114.3115601343014,185.9021288514512,39.223952262861,91.53637696216228,1,-1,-1,-1
214,128,114.601214036816,189.5907479441748,39.98900426990595,92.24028354179711,1,-1,-1,-1
215,128,109.6102834515061,187.6147089796733,41.32679209213723,93.42311268330128,1,-1,-1,-1
216,128,105.9537262033216,177.928830702096,42.1640024271203,94.40108554071158,1,-1,-1,-1
217,128,112.3349428755584,176.8064758326967,42.81936761795896,94.80798126605451,1,-1,-1,-1
218,128,118.7067593991179,187.8557638486753,44.20037707634817,96.15661426400615,1,-1,-1,-1
219,128,118.4018364756956,190.0945861096619,44.66691947552023,97.17156346766345,1,-1,-1,-1
