1,1,337.7393188476562,78.73744201660156,100.5807800292969,249.7194061279297,1,-1,-1,-1
1,2,432.708984375,91.45702362060547,94.02508544921875,237.5135269165039,1,-1,-1,-1
1,3,173.3858795166016,92.51629638671875,88.22608947753906,228.8152160644531,1,-1,-1,-1
1,4,571.2382202148438,80.8826904296875,75.0029296875,201.9308776855469,1,-1,-1,-1
1,5,89.24360656738281,95.67777252197266,79.2637939453125,222.408561706543,1,-1,-1,-1
2,1,340.7764987303564,78.31924498630798,100.7726394647065,250.6394862795129,1,-1,-1,-1
2,2,436.1679666228653,91.38195462491815,92.84546934731868,236.9419047947228,1,-1,-1,-1
2,3,179.3570403570658,91.83243629720009,88.24521836424013,229.4673858366311,1,-1,-1,-1
2,4,567.4552194144813,79.78303130196396,77.05135549908206,204.5600846009583,1,-1,-1,-1
2,5,80.88989103706994,95.97897002143486,83.18773595996208,227.1601083443579,1,-1,-1,-1
3,1,344.1613509691111,78.67589863981891,100.0410879691902,249.9394402565165,1,-1,-1,-1
3,2,439.3559319952992,88.65198010902998,92.63970788328744,237.6052405074477,1,-1,-1,-1
3,3,183.4023313582146,91.65791374411423,87.80754809521915,229.4028197474604,1,-1,-1,-1
3,4,566.8274225745379,82.89160562525345,77.21729376975824,202.4771958798842,1,-1,-1,-1
3,5,69.9399672218686,95.1022646619534,87.40125342888024,229.7580397176654,1,-1,-1,-1
4,1,347.4538577177483,79.50641622542892,99.577207142039,248.5259933190991,1,-1,-1,-1
4,2,442.766989502593,87.99591724263833,91.90441527131411,237.4927298620655,1,-1,-1,-1
4,3,189.1300297425179,89.62987107744252,87.61835739887584,229.8260975030585,1,-1,-1,-1
4,4,564.1592879654221,83.43389629325858,77.92467503802659,202.5948122951038,1,-1,-1,-1
4,5,61.34754128897544,94.71097123902057,90.79261168802589,231.0890516857436,1,-1,-1,-1
5,1,350.7216243693696,80.96118589904593,99.15792577351841,245.5832494955475,1,-1,-1,-1
5,2,444.2654341005062,87.96391500647657,91.10214783555823,236.6334697073612,1,-1,-1,-1
5,3,194.8032868772085,87.8256109069805,88.37144776082454,231.914578761622,1,-1,-1,-1
5,4,562.8607568037331,83.72924226005945,78.95315052432302,202.2935281515812,1,-1,-1,-1
5,5,56.53765279930801,95.55051671253234,92.04593089618552,229.8490613867092,1,-1,-1,-1
6,1,351.9626998200406,81.56939712268573,99.05042381744447,244.5704221676361,1,-1,-1,-1
6,2,446.4858295211162,85.54809334418798,91.76057331793295,237.4677848392494,1,-1,-1,-1
6,3,198.7804364806058,87.22326678622572,88.89404041780628,232.2923299527206,1,-1,-1,-1
6,4,562.149470281847,84.62918483629664,79.4063167314924,200.6936948288368,1,-1,-1,-1
6,5,50.08788182463078,97.36692031853993,93.88576310288165,229.9978558439486,1,-1,-1,-1
7,1,354.7053655570955,82.74421092647493,98.45644806471424,242.2658502535506,1,-1,-1,-1
7,2,449.1992180469527,84.90145525151979,92.20856341723079,237.6281390997152,1,-1,-1,-1
7,3,204.1628688871475,87.96173623871329,89.1034304695138,231.1030372214912,1,-1,-1,-1
7,4,559.4350132096652,84.55445682856049,80.71440819360626,200.7137319597899,1,-1,-1,-1
7,5,46.19219144129433,98.40532269253457,93.976938913239,229.0058153853119,1,-1,-1,-1
8,1,357.4613111583257,83.41250477357238,98.45201663740842,241.0213004728632,1,-1,-1,-1
8,2,452.9500276869294,85.26878622715819,90.99509392096013,236.5330334721626,1,-1,-1,-1
8,3,208.106409304379,89.07050916599074,89.42237009537419,229.2942386605621,1,-1,-1,-1
8,4,556.0819291908265,84.69383205239778,81.84505453845561,200.332514981011,1,-1,-1,-1
8,5,41.96529272716149,97.86116437509067,91.88912879960158,227.0247282852099,1,-1,-1,-1
9,1,360.6184052807222,83.67290046572104,98.32701345144889,240.2278952127385,1,-1,-1,-1
9,2,456.6215878974157,85.5776612856379,89.9468141154036,235.6685607071643,1,-1,-1,-1
9,3,213.3521395665788,90.50617289425001,89.63800091373379,226.6760333113463,1,-1,-1,-1
9,4,554.6428738678352,85.04568077990801,82.52036203057382,199.5323375940206,1,-1,-1,-1
9,5,37.37519264260767,97.95439769149999,89.16761072604262,225.6136648436467,1,-1,-1,-1
10,1,363.4986134148434,83.50171522431963,98.68492519927192,240.2736890159839,1,-1,-1,-1
10,2,460.2322003080085,85.68986575894195,89.23815176434232,235.0364723263631,1,-1,-1,-1
10,3,216.9134896998401,93.1194561501722,90.2524374545559,224.6486735968984,1,-1,-1,-1
10,4,552.063300650838,84.88084209677761,83.10476744454218,199.7167556953887,1,-1,-1,-1
10,5,34.73066833430363,98.33238883729409,85.90855050053571,224.1463259655262,1,-1,-1,-1
11,1,367.0125814910396,82.25996969330966,98.08446935285261,238.8340407148525,1,-1,-1,-1
11,2,464.5154726326858,85.48398325851723,90.70550487789268,235.4557073048121,1,-1,-1,-1
11,3,220.2757379614844,94.70850400285994,90.47655116644309,222.9538786885182,1,-1,-1,-1
11,4,551.0637438291718,84.802014147249,83.12274680213368,199.7187549199093,1,-1,-1,-1
11,5,30.53143064873363,98.54466707309727,83.06394280959213,223.4491874229254,1,-1,-1,-1
12,10,171.6278023402514,92.82275983790683,53.94512607677708,159.2921551066792,1,-1,-1,-1
12,1,370.3380735077108,81.8209873321096,97.61930495292521,237.7540082174263,1,-1,-1,-1
12,2,467.2436249168688,85.63786267622129,92.80776370663209,235.2640754905979,1,-1,-1,-1
12,3,223.1721318005097,95.40587857190422,91.14257864787493,221.8834948169627,1,-1,-1,-1
12,4,549.3603410924389,85.45157975344554,81.53962551844704,198.4544328962236,1,-1,-1,-1
12,5,25.86359761062683,98.48683350765687,80.45331805722627,223.3521925369719,1,-1,-1,-1
13,10,171.5165130105329,92.54651819187551,54.18994843955871,159.8865736813337,1,-1,-1,-1
13,1,373.3100807732167,81.15667921897295,97.96092816539353,238.1262747249143,1,-1,-1,-1
13,2,469.6860481107645,85.78043591957312,94.86919188351946,235.1486281838104,1,-1,-1,-1
13,3,226.5043234346427,94.47393196652492,90.79264945089811,220.7143009796781,1,-1,-1,-1
13,4,547.0998209514772,85.64561318414927,80.30958636006517,197.9532870709222,1,-1,-1,-1
13,5,20.05520613117278,98.10498695877926,79.51809322292756,224.3281924390827,1,-1,-1,-1
14,10,171.9380345525581,93.4709691360876,53.35226250713591,158.0523630326707,1,-1,-1,-1
14,1,376.3420642523275,80.69037364876662,98.05133664615025,238.7441250524759,1,-1,-1,-1
14,2,472.373703738868,86.30993435410961,96.09735177239185,234.479031760027,1,-1,-1,-1
14,3,231.7411513554945,93.72230630220274,90.22070097368152,220.098174570552,1,-1,-1,-1
14,4,544.9571397352749,85.78706551348583,78.50667319318988,197.262542938863,1,-1,-1,-1
14,5,13.41761285799483,97.40023623676944,80.216002914529,225.4240761830146,1,-1,-1,-1
15,10,171.9436362104931,93.24184509402244,53.35042010652757,158.432148546925,1,-1,-1,-1
15,1,377.6407820853376,80.45490377862122,98.21386867510461,239.04792559188,1,-1,-1,-1
15,2,474.7383940131157,86.50803720074298,97.73551002746504,234.3175045916218,1,-1,-1,-1
15,3,236.1797456180996,92.05941860339661,88.94229924905746,218.7912014801962,1,-1,-1,-1
15,4,541.8543095820204,85.34589317298781,78.70802491202252,198.2188569423017,1,-1,-1,-1
15,5,6.701030906107803,97.073070487894,81.00561763276636,226.3577120985431,1,-1,-1,-1
16,10,171.8997074360864,93.0023138147987,53.46047589092571,158.9384453461445,1,-1,-1,-1
16,1,380.2698613773242,78.70935419661041,97.93279220256228,239.4580636034874,1,-1,-1,-1
16,2,475.8802293991003,88.42439520174885,97.9569381118735,233.8018582742652,1,-1,-1,-1
16,3,240.4258807858868,91.22209180014485,87.38984921482044,218.5335842829234,1,-1,-1,-1
16,4,539.0351418226506,85.36403395887893,77.8027801071442,198.2684300271395,1,-1,-1,-1
16,5,-0.488112889987292,98.22874675701453,83.0627692029021,227.5419490395477,1,-1,-1,-1
17,10,171.8557290869917,92.8566694633174,53.44126031048091,159.1915901478596,1,-1,-1,-1
17,1,383.2238888314851,80.01746612536334,97.70596891919081,238.8248500358676,1,-1,-1,-1
17,2,478.3614224195578,89.24860110085019,97.58630247319532,233.3616337793457,1,-1,-1,-1
17,3,244.4292007785549,91.12756326447631,85.8928033460525,218.1386570063066,1,-1,-1,-1
17,4,536.4900232495972,85.88764908356509,76.68020191460059,197.2425095823609,1,-1,-1,-1
17,5,-5.476631018875104,99.03041311048172,84.40191620039637,227.9743854650524,1,-1,-1,-1
18,10,171.8722866438626,92.9209449508964,53.39462284148219,159.0526657885304,1,-1,-1,-1
18,1,386.3556363122558,80.91937147815486,97.56118343016013,237.8959569922163,1,-1,-1,-1
18,2,481.5557254174602,87.84054002382727,96.97314248632691,233.5426964943314,1,-1,-1,-1
18,3,248.2919505180626,90.77596970574491,84.82504388965623,218.3378424585298,1,-1,-1,-1
18,4,536.2481738758638,86.63101317965223,74.86183028373814,195.9526705993641,1,-1,-1,-1
18,5,-7.041326104033928,99.51258991003782,84.50593988105408,227.7057338130726,1,-1,-1,-1
19,1,389.321239765142,81.57848471918818,97.68715734574103,236.896906448634,1,-1,-1,-1
19,2,482.9469568571139,86.76688124460317,96.34045012575636,234.3693757412767,1,-1,-1,-1
19,3,253.544450851201,89.82465766951614,84.14188366266863,217.2992500520337,1,-1,-1,-1
19,4,536.1133675734279,87.14341671400207,73.97309753526305,195.2775805275125,1,-1,-1,-1
19,5,-9.300811638606156,99.78311386391537,84.23737167599556,227.4140429117238,1,-1,-1,-1
20,10,171.9513950280532,93.36059329656061,52.9402148724721,158.0764585290358,1,-1,-1,-1
20,1,392.3693665746634,82.37716503262294,97.79564759913923,235.7442008678924,1,-1,-1,-1
20,2,485.7307822333999,86.29431705707984,95.50054999568373,234.4171258665504,1,-1,-1,-1
20,3,257.4014498867928,91.20400935823278,84.36341514066636,216.3917970913682,1,-1,-1,-1
20,4,562.3207845793014,89.69552226924972,67.1611477938214,177.2867961175662,1,-1,-1,-1
20,5,-9.555491776338265,99.87836678038045,83.36132189950128,227.0653107445951,1,-1,-1,-1
21,10,171.9634673273608,93.47630834465919,52.79581124816035,157.7843225324078,1,-1,-1,-1
21,1,393.7823867240249,83.39862381684176,97.51402810566523,234.2569518049565,1,-1,-1,-1
21,2,490.9930925383294,84.59658372558711,94.5233076086157,233.936482355612,1,-1,-1,-1
21,3,260.9561232751098,92.72592022341424,84.1337370104314,214.6036614452124,1,-1,-1,-1
21,4,573.8203262073847,94.51499590987493,61.35399817794082,162.9701337815783,1,-1,-1,-1
21,5,-8.619417253102156,100.5400850367938,81.13196042758589,225.6238209900404,1,-1,-1,-1
22,10,171.97516091728,93.46590529229054,52.84202284421906,157.8619659553741,1,-1,-1,-1
22,1,398.0413841770009,84.28135075390151,97.67747513267435,232.687199852174,1,-1,-1,-1
22,2,495.4088502943551,83.77322980715887,93.63503412350924,233.7710382284759,1,-1,-1,-1
22,3,264.1696366782668,93.63629915533954,83.95319479920305,213.4258303138158,1,-1,-1,-1
22,4,578.9405412443462,99.46686512413869,57.55835848968228,151.6786527847804,1,-1,-1,-1
22,5,-12.76053469446422,100.9038692038111,81.06087727992092,225.4261424019766,1,-1,-1,-1
23,10,171.9891903035513,93.56040542199696,52.68370262456694,157.5127299197796,1,-1,-1,-1
23,1,400.1304570684377,84.52860168382934,97.00310972916725,231.9866551915987,1,-1,-1,-1
23,2,501.0905688933578,83.59878466018496,92.90957450824976,233.2935362414947,1,-1,-1,-1
23,3,267.5143887997197,94.32836999853039,83.52705041048569,212.3388010204826,1,-1,-1,-1
23,4,580.9417472060591,103.1190621104166,55.48655063968722,144.0687405892684,1,-1,-1,-1
24,10,171.9415845577743,93.54413482142348,52.71659610070855,157.4579095872126,1,-1,-1,-1
24,1,402.8394638421172,84.6374075554042,96.77803876776834,231.4466586131276,1,-1,-1,-1
24,2,503.8476376836022,83.96004040696731,91.67389931587043,232.4469856087424,1,-1,-1,-1
24,3,270.9348866605706,95.08714091193291,83.23502467303152,211.0618814561469,1,-1,-1,-1
24,4,580.25154786771,105.9746584000647,53.97214642762906,138.4297516690759,1,-1,-1,-1
25,10,171.8821528268485,93.35074316169604,52.70703274428365,157.6596196379875,1,-1,-1,-1
25,1,407.8054647150258,82.99698110129613,96.58226670752282,231.2513064336092,1,-1,-1,-1
25,2,508.5935762555039,84.18670246521161,91.50722332611751,231.7928395093192,1,-1,-1,-1
25,3,274.2091699527373,95.37814872163177,83.08016049585771,210.2074568086823,1,-1,-1,-1
25,4,580.1382578095813,107.8086859112538,52.94930561032413,134.6501936910656,1,-1,-1,-1
26,10,171.7632927595708,93.17021935508394,52.88630139089858,158.0337546111484,1,-1,-1,-1
26,1,411.713271359083,82.37554916208759,96.42418678273219,231.0531020539585,1,-1,-1,-1
26,2,510.1113882189228,84.44962603496299,92.13206216170487,231.4014256371601,1,-1,-1,-1
26,3,279.5377970929147,95.54247415408943,82.33163595531397,209.321305070207,1,-1,-1,-1
26,4,580.2184922700619,109.0264631456835,52.21120898093742,132.166528020005,1,-1,-1,-1
27,10,169.8603125059154,92.90482281921254,53.25432310327026,158.546094301429,1,-1,-1,-1
27,1,415.0704219023986,81.86722191190221,96.54123863392567,231.0379920327979,1,-1,-1,-1
27,2,512.6788461202883,84.84283678276225,92.22229101146819,230.7207210456584,1,-1,-1,-1
27,3,283.7947718024759,94.45312895165345,81.69799385761526,208.318804402814,1,-1,-1,-1
27,4,580.4501163270646,109.6298448268715,51.45434127482689,130.5415670672536,1,-1,-1,-1
28,10,169.1130744594266,92.79080915953308,53.40516608772288,158.7701532958555,1,-1,-1,-1
28,1,418.5318999855216,81.54061380274715,96.19906762786458,231.3690836368278,1,-1,-1,-1
28,2,517.4863307092016,85.199899973494,92.41671038480067,230.2462018358475,1,-1,-1,-1
28,3,287.6799425663684,93.75658549849693,81.14290817775819,208.0928169846759,1,-1,-1,-1
28,4,580.3077204504591,110.015285683535,51.42592715241724,129.5157360501301,1,-1,-1,-1
29,10,168.8649959964404,92.83161643224832,53.40584265153844,158.6161157299792,1,-1,-1,-1
29,1,422.1750271932427,81.28106458981085,95.14605077450071,231.4174235581515,1,-1,-1,-1
29,2,521.5754087256322,85.74197438438017,91.8720902931129,229.5744612381702,1,-1,-1,-1
29,3,293.0710963241602,93.50900632705182,80.69756647606575,207.8268431589289,1,-1,-1,-1
29,4,580.2187253047371,110.1529514434555,51.54793671957864,129.2156398642382,1,-1,-1,-1
30,10,168.6602577309807,92.74023705999235,53.67994373002823,158.8583902135274,1,-1,-1,-1
30,1,425.7256391425926,81.66856595613895,94.3072250400073,230.6933086885372,1,-1,-1,-1
30,2,500.136483892611,82.81011590626646,83.92415304365109,218.2198522441565,1,-1,-1,-1
30,3,298.6870628506427,93.02881899586771,81.02285593345974,208.0341452625516,1,-1,-1,-1
30,4,549.4094085584716,112.3067133213371,64.06908075910845,161.8840570845393,1,-1,-1,-1
31,10,168.5034500258583,92.81646338738965,53.81141775111102,158.6493648307389,1,-1,-1,-1
31,1,427.7981890892976,81.92221248958407,92.91375675784904,230.1227940202272,1,-1,-1,-1
31,2,494.6112612544968,82.46112189753245,79.42810386814769,208.8027068695276,1,-1,-1,-1
31,3,302.8885125059267,91.2244401043794,81.19202316263414,208.1199285713236,1,-1,-1,-1
31,4,538.0908166012262,109.4128182456639,72.22674514300294,182.0379306378979,1,-1,-1,-1
32,10,168.2981566128046,92.81440499658058,54.14658849713453,158.6828797466414,1,-1,-1,-1
32,1,432.3096904207858,82.43568076824248,92.52033341020129,229.1758245929612,1,-1,-1,-1
32,2,492.479551199271,83.86782528934549,77.94395899649487,202.2404435330337,1,-1,-1,-1
32,3,306.4419458754395,92.24238834940044,81.39635525176996,207.8720198628584,1,-1,-1,-1
32,4,534.8361426776195,105.5399244671683,77.57875673219495,194.921030264534,1,-1,-1,-1
33,10,168.1879186656509,92.7201496020965,54.39570515097144,158.9150496678723,1,-1,-1,-1
33,1,434.2042515114966,82.98444167360014,92.03080630204917,228.2905403369047,1,-1,-1,-1
33,2,488.0596003793917,85.64429946429291,76.53273513322439,196.9865630575816,1,-1,-1,-1
33,3,309.7200599877074,93.11769541612996,81.71658065903119,207.25356584772,1,-1,-1,-1
33,4,534.8264387793456,99.93911993118434,81.16672069899215,204.4822900807936,1,-1,-1,-1
34,10,167.9976796183659,92.68403696445341,54.41254114873412,158.9642354154095,1,-1,-1,-1
34,1,436.7784980205575,83.8205511532781,91.78787476345828,226.8330358165911,1,-1,-1,-1
34,2,484.7301616384971,87.5800690023253,74.87680981041581,193.089200417368,1,-1,-1,-1
34,3,314.4278565257406,94.07498841487659,82.29455281929548,206.0912427423486,1,-1,-1,-1
34,4,536.3911928171183,95.99981276629867,83.87850909371141,211.5712763687544,1,-1,-1,-1
35,10,168.0973625576305,92.76942235631702,54.47711195283332,158.8689772514556,1,-1,-1,-1
35,1,439.4389625922234,84.42925772083765,92.41933987900583,225.9883009444968,1,-1,-1,-1
35,2,483.9859629649752,87.18448923189331,74.22499568017432,191.4083292698426,1,-1,-1,-1
35,3,316.1688059039953,95.08605761215698,82.90267323741728,204.6164183084979,1,-1,-1,-1
35,4,539.1516909340622,93.45061905652904,84.66425346788421,215.8965762884213,1,-1,-1,-1
36,10,168.0587679434416,92.76355616712826,54.56842617370702,158.9574025062616,1,-1,-1,-1
36,1,442.1038647567303,86.90349464540765,93.30300957183815,224.6018684444061,1,-1,-1,-1
36,3,320.6304446113317,95.82248035892054,82.98151306391514,203.332562751725,1,-1,-1,-1
36,4,542.2187533615826,90.18933880579694,85.27328665547466,218.5719756434272,1,-1,-1,-1
37,10,168.0430012312861,92.58532303417898,54.66958188574687,159.2660196250374,1,-1,-1,-1
37,1,444.9359247290384,88.3303202321469,93.86010228452115,222.9630187709069,1,-1,-1,-1
37,3,324.3926375449194,96.14100732138193,82.88632073730673,202.7002804482475,1,-1,-1,-1
37,4,545.3083430921195,88.29168735037995,85.61945343141545,220.5246110538561,1,-1,-1,-1
38,10,168.0753242515455,92.55302565487749,54.55145661595972,159.3798902086957,1,-1,-1,-1
38,1,447.9157081568196,89.42988186345731,94.32227678425616,221.2432311830031,1,-1,-1,-1
38,3,327.9596134423762,96.50922612390158,82.44612040390763,201.9397981147604,1,-1,-1,-1
38,4,548.3948204731652,87.23679812458846,86.02029595019548,222.0549512332479,1,-1,-1,-1
39,10,168.0570063039703,92.48542605469073,54.62873642816641,159.4415081707712,1,-1,-1,-1
39,1,451.0433251050271,88.13067903415352,94.26650985793854,220.8430901232701,1,-1,-1,-1
39,3,331.7358849348283,96.31044964780195,81.68548366496093,201.3915043001631,1,-1,-1,-1
39,4,551.7111150075718,86.55702760299417,85.59859541554924,222.9386173171795,1,-1,-1,-1
40,10,168.0345246990709,92.48754764846471,54.69468273269644,159.4319252620301,1,-1,-1,-1
40,1,454.5702208848646,87.81069408806972,93.52275595338104,220.057511459578,1,-1,-1,-1
40,3,335.38269795752,94.57629338532332,81.0293412552152,200.9558027731259,1,-1,-1,-1
40,4,553.3926250771437,86.47910099503133,85.05580369803106,222.6926156204624,1,-1,-1,-1
41,10,167.9317793434092,92.45113195463341,54.71615059201105,159.4945028650214,1,-1,-1,-1
41,1,458.1082029069959,87.40875130777994,92.82414553273173,219.6424559470794,1,-1,-1,-1
41,3,340.5412600148002,93.65022324981184,80.5561282272038,200.8004873658151,1,-1,-1,-1
41,4,556.3596312606198,86.86830322746177,84.34897927377762,221.7234622234935,1,-1,-1,-1
42,1,461.2405540449051,85.22364659221439,92.83504504136823,220.1487740847509,1,-1,-1,-1
42,3,344.6069684077227,93.31819736989421,79.93123408752291,200.6524160523507,1,-1,-1,-1
42,4,559.0501383052737,87.32754129489541,84.53624374318065,220.8478357563754,1,-1,-1,-1
43,1,462.1303584629451,83.95952354543726,93.56863313541422,220.9744748424474,1,-1,-1,-1
43,3,348.2745313235718,92.23059167669926,79.37007590013377,200.0459953624425,1,-1,-1,-1
43,4,560.1075196462616,87.7217856603241,84.99316654378021,220.288633895822,1,-1,-1,-1
44,13,432.5296739026485,106.7377710797995,44.28552302211772,131.9792599200352,1,-1,-1,-1
44,14,167.9790848511929,92.8153419600159,54.70974356110858,159.0035906493929,1,-1,-1,-1
44,1,466.2403535777188,83.28442301321866,94.12586956707712,221.8046871881043,1,-1,-1,-1
44,3,351.9955573082043,92.11171419657217,78.64653470013398,199.1506316768198,1,-1,-1,-1
44,4,562.4865893104005,89.87043455538739,84.77848292669935,219.2572595275464,1,-1,-1,-1
45,13,431.9484181338668,108.3628183460994,44.33237073633814,132.7067811739022,1,-1,-1,-1
45,14,167.7044923605444,92.37864817306463,55.14467660426798,159.6911704122576,1,-1,-1,-1
45,1,469.6795060771817,82.90394574129719,94.66382726668098,222.5131042502257,1,-1,-1,-1
45,3,355.3914741125519,93.45624689683949,78.54951898542521,198.840370988338,1,-1,-1,-1
45,4,563.8889204452744,90.96294697282724,84.21677708019566,218.6074725318718,1,-1,-1,-1
46,13,431.7361903162961,108.8724048695588,44.26389206511509,132.5657357962451,1,-1,-1,-1
46,14,167.4803596768791,91.80210264099496,55.47871184103137,160.6584891309887,1,-1,-1,-1
46,1,473.2229089083626,83.21567712266915,94.41465344448737,221.8213983037231,1,-1,-1,-1
46,3,360.2485243752533,94.42178161106152,78.72673044737289,198.2524871013581,1,-1,-1,-1
46,4,565.0249954819807,91.56066523116958,82.74359030795328,217.941567211851,1,-1,-1,-1
47,13,429.6064885333109,108.9702537507785,44.37586553358804,132.8689054660476,1,-1,-1,-1
47,1,476.5078429281423,83.41543416181467,94.54868835345921,221.4259688200916,1,-1,-1,-1
47,3,364.0414056776928,95.45765659880711,78.88880551766498,197.1439759388848,1,-1,-1,-1
47,4,567.8495659822895,91.66454479297821,80.8862381119653,217.933733721304,1,-1,-1,-1
48,13,429.0760837464924,109.7201096238194,44.09588136351422,131.3773177536946,1,-1,-1,-1
48,1,481.4278146734819,83.97066862883793,94.98185798581028,220.557036201682,1,-1,-1,-1
48,3,365.7820271225403,96.18383297188555,78.69581974850638,195.9994440311589,1,-1,-1,-1
48,4,569.1885714389615,91.4541782818517,79.96909210901968,218.195016662692,1,-1,-1,-1
49,16,167.963556828045,92.60346688005536,54.74497635411957,159.1476839656084,1,-1,-1,-1
49,13,441.2741332855105,98.80337691070797,55.71581861121433,163.1791555881767,1,-1,-1,-1
49,1,485.0509190805975,84.53964726777627,95.50248468611481,219.381207708673,1,-1,-1,-1
49,3,368.4020027073162,96.59651108149923,78.56286538180599,195.0148354331817,1,-1,-1,-1
49,4,572.1786528514336,89.58636527140511,78.33590023936495,218.333495125659,1,-1,-1,-1
50,16,167.9796240953876,92.95172858223697,54.65233012486425,158.615432051161,1,-1,-1,-1
50,13,444.0954143869997,92.81625746399963,61.81198245819771,178.1695374452882,1,-1,-1,-1
50,1,486.5423740183029,85.18047415060268,95.54603340138596,218.135052671684,1,-1,-1,-1
50,3,372.9959440686004,96.43628298879128,78.53901727638166,194.9403284727172,1,-1,-1,-1
50,4,573.8513196937492,88.55050956456554,76.85843825325712,218.4578704780038,1,-1,-1,-1
51,16,168.1668620794441,93.18146081742132,54.20406963772018,157.8841508193986,1,-1,-1,-1
51,13,442.3686688960632,89.81056435080075,64.89957544017011,185.0666141996787,1,-1,-1,-1
51,1,489.2422784476811,85.81635724799493,95.23590471668298,217.1387996988738,1,-1,-1,-1
51,3,376.9656154591941,95.45868087977738,78.10968173067376,193.7965069420241,1,-1,-1,-1
51,4,577.0509291936852,88.51671045158724,75.0273869017946,217.7865505634441,1,-1,-1,-1
52,16,168.2367893725342,93.25101419015625,54.11851314028838,157.9063316430282,1,-1,-1,-1
52,13,439.3087398615263,88.24615659832233,66.7450249699893,188.4202797427447,1,-1,-1,-1
52,1,492.2136151561045,86.07562080852054,95.11142469497675,216.7427153629952,1,-1,-1,-1
52,3,380.7251262523914,95.14241678546115,77.77858566277172,193.2206905179849,1,-1,-1,-1
52,4,578.2666866655569,88.54665292237569,75.06905009486313,217.9074888431649,1,-1,-1,-1
53,16,168.2573734123353,93.23573153480038,54.09579155674302,157.9521816691978,1,-1,-1,-1
53,13,436.1192749999627,87.6226856626519,67.10754885158104,189.8650092420981,1,-1,-1,-1
53,1,495.634731568869,86.24939272568565,94.38665364336552,216.3444759353442,1,-1,-1,-1
53,3,386.0310864930434,94.90664335586402,77.20927749591009,193.0531835194978,1,-1,-1,-1
54,16,168.2309477092337,93.18598270116613,54.15099211980906,157.9859559414278,1,-1,-1,-1
54,13,432.7574051673904,87.18188435563196,67.28897310053578,190.8691314505401,1,-1,-1,-1
54,1,500.433421004368,86.18074022116623,94.75529393965698,216.2600215683792,1,-1,-1,-1
54,3,390.3925428045772,94.35142812961188,76.83650419303414,193.2811520272946,1,-1,-1,-1
55,16,168.2116645303946,93.0886042965957,54.25921357055328,158.1981913640293,1,-1,-1,-1
55,13,431.338779916959,86.87776205025176,67.36606730850423,191.2258485450541,1,-1,-1,-1
55,1,502.6104480404014,85.95836612846557,94.43569140757781,216.2515095696474,1,-1,-1,-1
55,3,394.0004129379464,93.56832710358086,76.74981014929361,194.1374321128055,1,-1,-1,-1
56,16,168.0095583519173,93.00668871504952,54.53339443765282,158.3622982593114,1,-1,-1,-1
56,13,431.2351069029501,85.2025980220953,69.10384918552911,196.1587298500959,1,-1,-1,-1
56,1,505.4427876650548,84.31153800206926,94.02033392888788,215.9949042358965,1,-1,-1,-1
56,3,398.9728127206602,91.67292590254415,76.86351426745269,194.6992334277557,1,-1,-1,-1
57,16,167.9287101358832,92.81023614078246,54.66646558291932,158.507202958777,1,-1,-1,-1
57,1,508.6005983635723,83.2179787806746,93.7723176910079,216.6302567104566,1,-1,-1,-1
57,3,402.6917273941743,92.90887846820847,77.32467440281691,194.1026067502948,1,-1,-1,-1
58,16,167.8222717729555,92.69262225454868,54.74751026781055,158.8199360975886,1,-1,-1,-1
58,1,512.3370898499985,82.6221593894463,92.48574228146057,217.5066536930033,1,-1,-1,-1
58,3,405.6664154107708,93.74160518205838,78.32949705985637,193.6665071045721,1,-1,-1,-1
59,16,167.7989912286065,92.78599769131066,54.72086561656587,158.7177948080477,1,-1,-1,-1
59,1,517.665370058546,82.37229372108057,91.69322424665216,217.9255625507003,1,-1,-1,-1
59,3,408.5975308048832,94.33307862469478,79.00400516379152,193.1161830863295,1,-1,-1,-1
60,16,167.6783373389416,92.81476412182232,54.91244175973707,158.7036213475138,1,-1,-1,-1
60,1,521.6981116931133,82.21167716773104,91.4863664285337,218.2769747913172,1,-1,-1,-1
60,3,411.6471819508259,94.7185230237893,79.16760961986775,192.7473232873991,1,-1,-1,-1
61,16,167.6459746938546,92.92750394683588,55.00740155044756,158.5784976748419,1,-1,-1,-1
61,1,525.2323013044889,82.12861614519333,91.31347121566218,218.6325614140707,1,-1,-1,-1
61,3,414.8163441902443,95.26317761026671,79.29852315499161,192.1311009627522,1,-1,-1,-1
62,16,167.3001209896181,92.5453384026479,55.81996086919276,159.1588554309885,1,-1,-1,-1
62,1,528.7548800975324,84.0722134007282,90.63330318749368,217.7580536271454,1,-1,-1,-1
62,3,418.2460687159482,97.07936524247241,78.86632016814882,191.5514788527766,1,-1,-1,-1
63,16,167.1472489448579,92.41362071079222,56.16904710631832,159.4423320358628,1,-1,-1,-1
63,1,530.4724693731765,85.2176871464975,89.9328501069424,216.8651271423545,1,-1,-1,-1
63,3,422.0147466157284,96.50184565343551,77.91629144637581,190.7721545924378,1,-1,-1,-1
64,16,167.0779400713642,92.30598803335705,56.37106882416215,159.5266887605478,1,-1,-1,-1
64,1,533.0545754372781,86.17469304406286,89.55242121673837,215.4849888036612,1,-1,-1,-1
64,3,425.6697253796547,96.43865060727221,77.07569820984375,189.4393465734881,1,-1,-1,-1
65,16,167.0373316553783,92.18261284566198,56.45086032182326,159.7524938353606,1,-1,-1,-1
65,1,536.1950705967494,86.83688284821611,89.10919226009624,214.4330162986022,1,-1,-1,-1
65,3,430.8125658951138,94.91580083565589,76.59884708842563,188.7994212790671,1,-1,-1,-1
66,1,539.2355994591181,87.43485534423959,88.95689623011975,213.3541502691934,1,-1,-1,-1
66,3,434.9006416856369,94.14913467361797,76.03556241547567,188.6217035755869,1,-1,-1,-1
67,1,542.2112766216336,87.7839379027094,88.88470746609364,212.7150870758468,1,-1,-1,-1
67,3,437.0105628725404,93.61716374252063,75.10747746060309,188.8934638672033,1,-1,-1,-1
68,1,545.6045211347583,87.98914695894848,88.11521701775921,212.137478376617,1,-1,-1,-1
68,3,440.1012726267604,93.10529694058344,74.07991097388256,189.2766490181858,1,-1,-1,-1
69,1,547.2725584687912,86.29761224670804,87.55441526947614,212.041759264933,1,-1,-1,-1
69,3,443.2562016279727,91.60275909668211,73.1907314278093,188.9574907667864,1,-1,-1,-1
70,24,383.6001873636056,91.83458599983989,66.12533383546626,178.5626110869236,1,-1,-1,-1
70,1,550.0497778326339,85.46061470809279,86.90184292852503,212.0919302262119,1,-1,-1,-1
70,3,446.1077637353816,92.17023189387687,73.19256037178364,189.1608697108897,1,-1,-1,-1
71,24,380.4586824450068,92.47347589492762,66.01665428387855,177.984679898799,1,-1,-1,-1
71,1,553.0443834052229,85.01533158275352,86.3823795949138,212.0118583213003,1,-1,-1,-1
71,3,449.2827361698047,92.72256175939641,73.06433321600629,188.8751259254725,1,-1,-1,-1
72,24,377.5054329340434,93.25193695574109,65.66597201765502,177.2422452088361,1,-1,-1,-1
72,1,556.5094295145543,84.92209796875729,85.68805409275585,211.647494173923,1,-1,-1,-1
72,3,452.3620089118981,93.31595088465996,73.00314736173058,188.305098266278,1,-1,-1,-1
73,24,376.3160900321113,93.67959841776893,66.0278210405843,176.6672942020201,1,-1,-1,-1
73,1,559.9433449358008,84.8290305161469,84.6188429367096,211.686977005962,1,-1,-1,-1
73,3,454.0171155600727,94.12990633637192,72.44165236321811,187.3547632803642,1,-1,-1,-1
74,29,170.6088120496013,91.38307895020534,61.16772690843224,161.5296059823131,1,-1,-1,-1
74,24,374.2160322333058,96.18620051963026,65.52868029556538,175.1040938220074,1,-1,-1,-1
74,1,561.8346381004814,84.85579152947328,83.50284120859615,211.5882265194256,1,-1,-1,-1
74,3,456.3486061115133,94.92512618494837,72.42733226249815,186.264641355819,1,-1,-1,-1
75,29,170.9176066998484,91.39383895021797,61.38809149278386,161.6393490758578,1,-1,-1,-1
75,24,372.8971853891495,97.08990271602374,66.20518942339775,174.472479168801,1,-1,-1,-1
75,1,565.0491395553265,85.32877520597559,81.74775151973346,210.6633943545451,1,-1,-1,-1
75,3,459.0307290203423,95.55476274214659,72.39309715496761,185.3291652023734,1,-1,-1,-1
76,29,170.4771870439225,90.73455415640133,62.61478708605738,163.0343578234312,1,-1,-1,-1
76,24,370.1715360612807,97.18869016272812,66.80145904992702,174.5960441612412,1,-1,-1,-1
76,1,566.3337974351056,85.79480763091165,80.49883928417346,209.7612723116742,1,-1,-1,-1
76,3,461.8447555371725,95.99196344489512,72.68832371568584,184.5133009293635,1,-1,-1,-1
77,29,170.5203393641124,90.94769466630574,62.79558050130476,162.6672166000364,1,-1,-1,-1
77,24,365.8130841376797,96.12082975258028,66.09707849925647,173.751255971632,1,-1,-1,-1
77,1,567.0542937929447,86.34220754416765,79.82768262041367,208.932213764197,1,-1,-1,-1
77,3,462.6253030996124,95.9018533296878,73.64270738775053,184.5152923385902,1,-1,-1,-1
78,29,170.3450078489544,90.80084364487413,63.27919640263424,162.9346309456834,1,-1,-1,-1
78,24,364.01297576339,95.5981063452565,65.85882475934892,173.4463622103805,1,-1,-1,-1
78,1,569.9918511692142,87.10040966299175,77.89206961853765,207.5115987734093,1,-1,-1,-1
78,3,464.5543025420414,95.54022440410401,74.68626738303621,184.5994485526025,1,-1,-1,-1
79,29,172.1983917610592,90.9634823853289,63.51070008842492,162.776796074263,1,-1,-1,-1
79,24,361.5291694457717,95.29768363024647,65.85701587453833,173.514274184166,1,-1,-1,-1
79,1,573.9170256061378,88.24822627410119,75.4407975574274,205.5383904717141,1,-1,-1,-1
79,3,467.2082479497298,93.85059612421507,75.1304751261608,184.6847250260276,1,-1,-1,-1
80,29,172.915240468715,91.023956630822,63.42668511217504,162.7757238916514,1,-1,-1,-1
80,24,360.1640428206681,94.6059546405414,66.20727939699538,174.1931098104877,1,-1,-1,-1
80,1,575.67833383552,89.19640765709852,73.93206926385419,203.9558740536367,1,-1,-1,-1
80,3,470.3371160387608,93.01690916377969,75.18983541719209,185.0557546862597,1,-1,-1,-1
81,29,173.5495601585809,90.44999093635407,63.13412781786185,163.2462209060839,1,-1,-1,-1
81,24,358.2970728603076,94.23850027614048,65.54506778036217,174.2162893665046,1,-1,-1,-1
81,1,576.2856306693664,89.25986456651967,73.46581294008658,203.6357550946523,1,-1,-1,-1
81,3,475.5923862139962,94.19728092893789,74.71196351298906,184.8666039450296,1,-1,-1,-1
82,29,175.7312072059236,90.54132791940673,62.59403385137184,162.7913176993565,1,-1,-1,-1
82,24,355.8573748668128,93.87128070266849,64.99466879750486,174.4143525083166,1,-1,-1,-1
82,1,563.9343828175265,95.11658340474729,69.63308765227592,191.8514768479751,1,-1,-1,-1
82,3,479.7432808716744,93.44644873552804,74.18970122990005,184.4710681549496,1,-1,-1,-1
83,29,176.4903451251673,90.74627883436666,62.50116883708548,162.5508064777759,1,-1,-1,-1
83,24,352.9316521385276,92.41224658019776,64.82307140964035,174.3596307851788,1,-1,-1,-1
83,1,559.3700705635715,99.93243891692275,67.52237770431161,182.2775747891173,1,-1,-1,-1
83,3,483.3654829302691,94.69325123941266,73.92007060636995,184.1241624967816,1,-1,-1,-1
84,29,176.8166012101333,90.09495298983305,62.63559542454727,163.3655172833638,1,-1,-1,-1
84,24,351.6318293264129,91.86336478730952,64.72449263980187,174.2500393695027,1,-1,-1,-1
84,1,555.9183222737172,103.1749857506666,66.25851082486281,175.6680560725059,1,-1,-1,-1
84,3,486.9773315420408,95.40156576827592,73.58001515064943,183.6279603293789,1,-1,-1,-1
85,29,176.9827698429511,90.80679932535649,62.67269349948242,162.4139740753478,1,-1,-1,-1
85,24,349.4913327548327,91.4888792910169,64.2731631180317,174.4410155682889,1,-1,-1,-1
85,1,555.8086672101133,103.7726050378977,65.762128893049,174.3520221329305,1,-1,-1,-1
85,3,490.1957726595962,95.86758991411557,73.60421877122047,183.1411923981181,1,-1,-1,-1
86,29,177.1700583888995,91.46632553310067,62.57962277538004,161.3935080828186,1,-1,-1,-1
86,24,347.0579115461521,91.44131435645522,63.84318893647852,174.1221753258246,1,-1,-1,-1
86,3,493.1226436726214,96.24440771160103,74.06364282807654,182.751920098132,1,-1,-1,-1
87,29,177.2515841606206,91.67837540959087,62.61341782255809,161.0351396466166,1,-1,-1,-1
87,24,345.8184254217404,91.43615741641788,63.89359548531075,174.1442743624313,1,-1,-1,-1
87,3,495.9435858339099,96.63674606437036,74.45710724608504,182.2128901491363,1,-1,-1,-1
88,29,178.9935728075513,91.95585625260232,62.50083106160051,160.5050234411115,1,-1,-1,-1
88,24,343.4097392737308,91.37220768292282,64.39665420574475,174.292652156889,1,-1,-1,-1
88,3,499.1589379181125,96.98359681821704,74.25646972893317,181.7039420012351,1,-1,-1,-1
89,29,179.936459957893,92.22183680260119,62.13983572210349,160.0264945771998,1,-1,-1,-1
89,24,342.1230698582401,91.5281773934048,64.52389766479111,173.9560867535401,1,-1,-1,-1
89,3,502.4822153638695,97.10298000855116,73.96617095885449,181.4199498120979,1,-1,-1,-1
90,29,180.3288026150997,92.38514895885365,62.14532937456595,159.6876031337233,1,-1,-1,-1
90,24,339.5658971933454,91.62289483063643,65.09746315098543,173.9016076964115,1,-1,-1,-1
90,3,506.1748878940363,96.80825340904886,73.17526508757683,181.6714737885051,1,-1,-1,-1
91,29,180.6587653107759,92.41278979372554,61.99251430568766,159.4575907726699,1,-1,-1,-1
91,24,336.1490869246712,91.67740882044986,66.37942020964269,173.6502742997919,1,-1,-1,-1
91,3,510.9752831320572,94.96073831843762,73.58401476241566,182.0056786039161,1,-1,-1,-1
92,29,182.5879837603551,92.59779034430575,61.61435939498523,158.9678355758095,1,-1,-1,-1
92,24,332.6908733798093,92.04397880044347,67.48621194141319,172.9541222739121,1,-1,-1,-1
92,3,516.4257695616905,93.91639279232318,74.76611531973599,182.3212690545303,1,-1,-1,-1
93,31,388.487988394258,105.377542697492,49.76805841212318,134.8431229457476,1,-1,-1,-1
93,29,183.4022625446981,92.64269647618394,61.4352854776057,158.7638438056031,1,-1,-1,-1
93,24,331.1835639657775,92.56441377369124,68.01515581400149,172.0545396278848,1,-1,-1,-1
93,3,520.1072105864914,93.92126604684201,74.57264916348593,181.8494912314381,1,-1,-1,-1
94,31,388.487988394258,105.377542697492,49.76805841212318,134.8431229457476,1,-1,-1,-1
94,29,183.909503489847,92.84526802320575,61.20526078687606,158.561903371009,1,-1,-1,-1
94,24,328.766319246957,93.0858098710505,68.28270350216431,171.1643792014878,1,-1,-1,-1
94,3,523.4388797303819,93.53932864079201,75.90713710737977,182.34893965958,1,-1,-1,-1
95,31,387.9430523380286,104.922729934641,50.48472374522842,135.7330776097584,1,-1,-1,-1
95,29,184.3164027773244,92.89369457995895,60.83588932512419,158.4337040777267,1,-1,-1,-1
95,24,327.6668338296906,93.58049323152068,68.44310817164464,170.3895100344028,1,-1,-1,-1
95,3,527.1497811984175,93.53353264007875,75.72678352990249,181.915682855674,1,-1,-1,-1
96,31,387.8819326680825,105.2211953804483,50.36490594902648,135.1908533506702,1,-1,-1,-1
96,29,184.4533694121334,92.81223001988845,60.72713948866312,158.5236883948043,1,-1,-1,-1
96,24,325.5040604628847,93.92300266001975,68.49452005047678,169.8251790082523,1,-1,-1,-1
96,3,529.9872816153788,93.64607660099556,76.15775988979597,181.8564856750318,1,-1,-1,-1
97,31,387.3723272784605,105.7710390892274,51.36857167927447,136.7835723349193,1,-1,-1,-1
97,29,184.4632532427322,92.94477718636007,60.78995139541269,158.3511987754923,1,-1,-1,-1
97,24,324.4166197568543,94.10577170138986,68.42000821624741,169.4758701671408,1,-1,-1,-1
97,3,537.0769523316391,94.39975141933667,76.51573915227836,180.4270503398178,1,-1,-1,-1
98,31,386.9425106683749,105.9935861918233,52.02060814744198,137.4562890359891,1,-1,-1,-1
98,29,184.4190592215039,92.99882641960467,60.93022151437837,158.1792931518127,1,-1,-1,-1
98,24,322.108186999756,94.01882583839148,68.55090796947469,169.4154275814361,1,-1,-1,-1
98,3,541.7607407013178,94.96481452280256,76.44131527574275,179.561783632395,1,-1,-1,-1
99,31,386.4537618887708,105.7330461129423,52.78672823679931,138.2549322999264,1,-1,-1,-1
99,29,184.3666686425861,92.92410639436895,61.03583319283269,158.0628114479283,1,-1,-1,-1
99,24,319.610849210104,93.95389120423559,68.25603310745477,169.3171289853187,1,-1,-1,-1
99,3,543.7446596304651,95.92953014184562,76.05713660010572,177.97786461134,1,-1,-1,-1
100,31,386.1276661561095,105.6102343689667,53.29996459112114,138.5718999360697,1,-1,-1,-1
100,29,184.249307563906,93.07602198818056,61.24717092025028,157.9063503264501,1,-1,-1,-1
100,24,318.3620103164274,93.75770882888648,68.32347209929543,169.5244473414606,1,-1,-1,-1
100,3,546.4009911504656,97.83527388492806,75.60486866598394,177.4400382282057,1,-1,-1,-1
101,31,384.2304104069172,105.3759949076258,53.66338863229303,138.8186651558819,1,-1,-1,-1
101,29,184.1469394013869,93.11331094588219,61.40432179284256,157.8765847287808,1,-1,-1,-1
101,24,316.254451018141,93.49559477253764,68.09985943188163,169.7997721051727,1,-1,-1,-1
101,3,549.5464954612753,97.40450310716832,75.02625697255557,176.4200021182724,1,-1,-1,-1
102,32,498.3125468675623,109.430353882601,57.14452074463392,157.0343429772074,1,-1,-1,-1
102,31,383.6080549621081,104.3142312656906,53.64492275312086,138.4839009852257,1,-1,-1,-1
102,29,184.0660271744619,93.16848835511544,61.46721379863892,157.7996713636315,1,-1,-1,-1
102,24,313.7353072603512,93.60738127871464,67.63685260503483,169.5287588883346,1,-1,-1,-1
102,3,552.8108510954112,97.24692151707274,74.55946531466134,176.0639872782556,1,-1,-1,-1
103,32,493.6734197124165,106.7746364073663,59.79243432252873,161.732030918859,1,-1,-1,-1
103,31,383.2911305996114,103.8334766602292,53.75392863106008,138.3549872696503,1,-1,-1,-1
103,29,183.9818868965946,93.06218978242926,61.47595954527119,157.9528998313474,1,-1,-1,-1
103,24,312.7451068729102,93.44782584394815,67.13307645325972,169.2400720020177,1,-1,-1,-1
103,3,556.3720706955143,97.09879308459584,73.81825480476877,175.5063992155247,1,-1,-1,-1
104,32,488.144557097226,107.4867820337034,59.57233032013296,160.3417890236209,1,-1,-1,-1
104,31,383.0372050934936,103.5493706727949,54.0941228288929,138.6546614254113,1,-1,-1,-1
104,29,183.861145072657,92.7804414434855,61.62530393623798,158.3002672937862,1,-1,-1,-1
104,24,310.7507026636702,93.46146151412529,66.63985303902678,169.2065681033588,1,-1,-1,-1
104,3,559.9371697257762,97.03183925129527,73.03459372462456,175.0611674478972,1,-1,-1,-1
105,32,483.1693326664196,106.0305669069598,61.98024281946851,162.8784219841591,1,-1,-1,-1
105,31,382.817675244191,103.3972048796184,54.3878169104616,138.7839414028781,1,-1,-1,-1
105,29,183.8082230974785,92.81549131427759,61.60806998331903,158.1217250858542,1,-1,-1,-1
105,24,309.9919294153902,93.41823653467713,65.89883360177784,169.0193105555834,1,-1,-1,-1
105,3,563.7207772766548,97.31981227404636,71.98013585666322,174.22839758353,1,-1,-1,-1
106,32,479.011650145025,105.7984901482505,63.56445923647141,163.2565855991137,1,-1,-1,-1
106,31,382.7219672031333,103.351621099129,54.48257673107017,138.7601394666665,1,-1,-1,-1
106,29,183.7776735371818,92.75600506741738,61.4992683739119,158.2756545928432,1,-1,-1,-1
106,24,308.3120645614838,92.32660560248776,64.94662107266419,168.5402104890714,1,-1,-1,-1
106,3,567.6526477564342,97.2377515899713,70.64229556945298,174.1533399308721,1,-1,-1,-1
107,32,474.4596562058138,105.467817782725,66.11034570074055,164.0052797599112,1,-1,-1,-1
107,31,382.7219279203312,103.3423523529421,54.54462130406917,138.8275291515976,1,-1,-1,-1
107,29,183.6468665067969,92.62478241171296,61.59877968450436,158.3031760383467,1,-1,-1,-1
107,24,307.7734155559733,91.86156488171288,63.94256318770328,168.2592662181414,1,-1,-1,-1
107,3,571.0899909177348,95.64830750397158,69.88530273608932,174.2312190416758,1,-1,-1,-1
108,32,470.1492059827842,105.4092865887277,68.33284172920435,164.3899547575667,1,-1,-1,-1
108,31,382.7037685429506,104.1140759659471,54.62806616573074,139.6920099108998,1,-1,-1,-1
108,29,183.5277749708916,92.77762013817113,61.8029409124352,158.133027006461,1,-1,-1,-1
108,24,306.1113247392698,91.824878971565,63.3158576487266,167.8949090091076,1,-1,-1,-1
108,3,574.8655853992891,95.2673317838469,68.26211536987113,173.9061454302296,1,-1,-1,-1
109,32,466.6113144860134,106.2966694500709,69.27854110362243,163.1870650497212,1,-1,-1,-1
109,31,382.737421528256,104.3012250958405,54.68429782677195,140.4501358943612,1,-1,-1,-1
109,29,183.5161014147214,92.73582885701049,61.83653710425766,158.2651885944754,1,-1,-1,-1
109,24,305.4351089180465,91.75536679725172,62.83126444910334,167.8150970734173,1,-1,-1,-1
109,3,576.8655038698192,95.26458688603549,66.91839383974596,173.5251369644085,1,-1,-1,-1
110,32,495.7308049643216,102.5770664026616,65.12584841631526,157.3505368926541,1,-1,-1,-1
110,31,382.7170427662631,104.1406024944022,54.85807207402556,141.0274177278569,1,-1,-1,-1
110,29,183.6096754820007,92.49434835139382,61.76467470643505,158.5082040319106,1,-1,-1,-1
110,24,305.0651427826384,91.7120975366082,62.50542013723398,167.82419891954,1,-1,-1,-1
110,3,579.6438244308071,97.10360462190744,65.41278730854349,172.6543864683903,1,-1,-1,-1
111,32,506.8424160760729,101.9778867121315,62.73685112308332,153.9596609592811,1,-1,-1,-1
111,31,382.7204102697001,104.0902109712967,54.97657809029801,141.3028290972511,1,-1,-1,-1
111,29,183.6148527005599,92.21757176021612,61.88103550012617,158.9150614521955,1,-1,-1,-1
111,24,303.42583437599,93.3577658142561,62.27842088717258,167.5334791140782,1,-1,-1,-1
111,3,581.0008161352537,97.99422610907123,64.7111645123981,172.0896263720075,1,-1,-1,-1
112,32,509.2637389404753,102.2784720361513,61.21349102344094,151.8503851443104,1,-1,-1,-1
112,31,384.2467832743096,104.2845528208445,55.15442846320119,141.304246952931,1,-1,-1,-1
112,29,183.5636250832109,92.10608189735811,62.03122268845759,159.0824198748654,1,-1,-1,-1
112,24,302.8161854131018,94.25914446797333,61.85759213357112,167.217084260475,1,-1,-1,-1
112,3,583.5835371504658,98.67934298579867,63.63677351510255,171.1405579911466,1,-1,-1,-1
113,32,510.2036754801578,103.0315807568692,60.13800771625521,149.9434383639849,1,-1,-1,-1
113,31,384.6974028466715,104.3913417052193,55.65637799414088,141.5139842449755,1,-1,-1,-1
113,29,183.4668654836038,91.95167488087927,62.27626970614827,159.397111117937,1,-1,-1,-1
113,24,302.2278523205151,94.65754909665598,61.8880605320189,167.0309969102352,1,-1,-1,-1
113,3,584.9283488464077,99.02937266403335,62.68981545560459,170.74153495011,1,-1,-1,-1
114,32,508.1649140998218,103.8480842991752,60.35356221453463,148.6171345266966,1,-1,-1,-1
114,31,385.127735957628,104.8145704324188,55.54159577514796,141.1972662694095,1,-1,-1,-1
114,29,183.5427197615866,91.84403617665021,62.28261840194044,159.6632792470339,1,-1,-1,-1
114,24,300.4909901284814,94.95327731089839,61.74898693422859,166.7388863617886,1,-1,-1,-1
114,3,587.6921456180118,99.36660672025161,62.4320258344634,170.0394209737333,1,-1,-1,-1
115,32,506.7635437990937,105.6450425279884,61.41972449103317,148.315881294618,1,-1,-1,-1
115,31,385.4837582625001,105.3393307598909,55.41649475467378,140.6673059376414,1,-1,-1,-1
115,29,185.0743004832029,91.91458492011839,62.40230058288074,159.4617913020534,1,-1,-1,-1
115,24,299.6219999890552,95.42826543127534,61.73228326960403,166.1068836868713,1,-1,-1,-1
116,32,503.9350599733756,106.5059603689898,62.40840107099706,147.8440238919631,1,-1,-1,-1
116,31,385.655126069178,105.6710732685392,55.48143388322518,140.3681537488465,1,-1,-1,-1
116,29,185.6630585294902,91.99360880606103,62.53313141422854,159.3813654364218,1,-1,-1,-1
116,24,299.19248589016,95.70650360594186,61.69342104599193,165.5574455229155,1,-1,-1,-1
117,34,447.198468901317,109.885282369906,65.09666182893568,155.3726466249342,1,-1,-1,-1
117,32,502.5736414731351,106.7351193406723,63.0171178960636,147.9355787048672,1,-1,-1,-1
117,31,387.4796633142638,105.7723505251241,55.35948756471916,140.3749092397281,1,-1,-1,-1
117,29,185.9586094441257,92.02945676299366,62.60681969824182,159.1550903066995,1,-1,-1,-1
117,24,297.8598364780112,96.09850940985476,61.07201774322263,164.7056088736789,1,-1,-1,-1
118,34,442.3899514503382,111.7184519457211,61.9700589639997,151.5799849591013,1,-1,-1,-1
118,32,500.6364821967827,107.0782765793472,62.20684083367701,147.229506699559,1,-1,-1,-1
118,31,388.3942910986784,105.9451989665932,55.2431638210638,140.0557530554703,1,-1,-1,-1
118,29,186.2327272670892,91.92827923214377,62.51812455677207,159.304131005434,1,-1,-1,-1
118,24,297.5359784149625,96.31504704694355,60.35819307546037,163.8555183315724,1,-1,-1,-1
119,34,439.8421362629575,112.3376671569835,60.04666710387873,150.1457821227397,1,-1,-1,-1
119,32,499.9932069868377,106.2636202768649,61.44532018521302,146.2875680410104,1,-1,-1,-1
119,31,388.7263373889133,105.7719230710371,55.55194534503754,140.2485251477495,1,-1,-1,-1
119,29,186.4646210181257,90.55569758214716,62.40034459895102,159.2952877138345,1,-1,-1,-1
119,24,297.5226178677117,94.85385703392936,59.73083594621231,163.5981822659741,1,-1,-1,-1
120,34,437.3960138582497,112.8694573618578,58.30183742894551,148.8438453813403,1,-1,-1,-1
120,32,498.2402368421683,105.992986845146,60.25275348073784,145.7401261568612,1,-1,-1,-1
120,31,390.9051674832327,105.7805881211746,54.95305576378539,140.208579172693,1,-1,-1,-1
120,29,186.6584122437038,90.03240697545422,62.27429451208895,159.2909055283377,1,-1,-1,-1
120,24,297.4074099450922,94.09477453886352,59.33523643737998,163.6030707407827,1,-1,-1,-1
121,34,435.3507402073772,113.7505254673595,56.2286223613518,147.227933393957,1,-1,-1,-1
121,32,497.4751550297985,105.8939129844971,59.69135576789042,145.4805278821478,1,-1,-1,-1
121,31,391.9887926895238,105.8200485676187,54.33956476550094,140.1152565889313,1,-1,-1,-1
121,29,188.5657906500866,89.70785115489139,61.89549822537739,159.4617912697344,1,-1,-1,-1
121,24,295.8362220311079,93.5945228434507,59.17155247133803,163.8069930042772,1,-1,-1,-1
122,34,432.9759062784482,114.0190609294908,54.87756120420536,146.7359968977186,1,-1,-1,-1
122,32,495.2733077178524,105.72108180701,59.41742757340278,145.4903030268735,1,-1,-1,-1
122,31,392.7447664949433,105.8128533451439,53.49334436098116,139.873753268887,1,-1,-1,-1
122,29,189.4816507455236,89.62814479498408,61.52257109005063,159.5503465435605,1,-1,-1,-1
122,24,295.3047350875341,91.86982315830092,58.85014628602843,163.6087675779581,1,-1,-1,-1
123,34,429.2721708602878,113.4522379164041,55.87550432431765,148.2789518855721,1,-1,-1,-1
123,32,495.0222807206863,105.5159223442448,59.25165433160677,145.0843884632911,1,-1,-1,-1
123,31,393.3538563949281,105.9633933558414,52.57581398150312,139.4850153723597,1,-1,-1,-1
123,29,189.8774580300895,89.55802848982981,61.31583990431679,159.7054706637894,1,-1,-1,-1
123,24,294.91802621136,91.10824632646218,58.67903262279713,163.6852557260326,1,-1,-1,-1
124,34,425.3626220650485,112.846705506487,57.22257482546559,149.7012258312451,1,-1,-1,-1
124,32,491.6729256600271,105.3135647865455,59.62840476460249,145.8670462334111,1,-1,-1,-1
124,31,393.7978050628881,105.9604766362351,52.63136769325813,139.6324008287383,1,-1,-1,-1
124,29,190.2511899501457,89.5822810898534,60.86924854182713,159.6127614177823,1,-1,-1,-1
124,24,294.5903367548638,90.74679942996535,58.67752220668417,163.6042244484795,1,-1,-1,-1
125,34,421.7774752555818,112.7447487782954,58.24297894933705,150.2980815995833,1,-1,-1,-1
125,32,488.5171042278757,105.1723897213783,60.21005209300783,146.1804215114198,1,-1,-1,-1
125,31,395.9772870936243,107.387944093994,52.26206031119071,141.0519333176019,1,-1,-1,-1
125,29,190.399175441369,89.48649527824089,60.87621715334591,159.8703700107334,1,-1,-1,-1
125,24,292.9350629515754,90.6098777311949,58.60736003298148,163.8141426275589,1,-1,-1,-1
126,34,418.2873080672234,112.9899849980729,59.12747845237015,150.3754508935237,1,-1,-1,-1
126,32,485.1770820416119,105.3619962962779,60.73141203590144,146.0213972726734,1,-1,-1,-1
126,31,396.5541277790954,107.563883339392,52.31786586767586,141.2025489187708,1,-1,-1,-1
126,29,190.4964691403348,89.39511460772337,60.88903866550498,159.9764642370187,1,-1,-1,-1
126,24,292.1779500007162,90.51255845691105,58.49952599025735,164.1495242439972,1,-1,-1,-1
127,34,416.614554322092,113.2516578507394,59.88552240725222,149.9284127457167,1,-1,-1,-1
127,32,483.4949442219777,105.3185556228293,61.3874884102765,146.4520225524309,1,-1,-1,-1
127,29,190.5630446074856,89.33830276602278,60.83790786337639,159.8788513469692,1,-1,-1,-1
127,24,291.5426923897763,91.62728994099253,58.82452909970553,164.471362726137,1,-1,-1,-1
128,34,413.8838015806825,113.5258547730887,60.56995632486377,149.376860025416,1,-1,-1,-1
128,32,480.8002356118865,106.4797827625375,62.18770756911675,147.211614128327,1,-1,-1,-1
128,29,190.6902320294696,89.43477937245325,60.61553290787853,159.55464227838,1,-1,-1,-1
128,24,289.4509851825268,90.53373100050709,59.27553561557579,165.2627888173029,1,-1,-1,-1
129,34,410.7672328933498,113.4087385715537,61.27435874888421,149.38775298458,1,-1,-1,-1
129,32,479.162974910899,106.8584277830377,63.43594450602866,147.814607269373,1,-1,-1,-1
129,29,190.7818406527011,89.57642286590408,60.49113516516765,159.2202831603586,1,-1,-1,-1
129,24,287.9885154931898,89.9075242459148,60.0218159613591,165.8848344198037,1,-1,-1,-1
130,34,407.8012151249417,113.5874715210378,61.16826352334852,149.1290913246494,1,-1,-1,-1
130,32,476.6964534800093,107.465910447456,63.87793146223777,147.3700009902198,1,-1,-1,-1
130,29,190.7984307171281,89.73168357386699,60.44471043220582,158.7652590291842,1,-1,-1,-1
130,24,285.2525108737365,89.80727589218436,61.21041785822212,165.8941118135574,1,-1,-1,-1
131,32,475.7095846976308,107.8707258618066,63.83589907297574,147.068330081193,1,-1,-1,-1
131,29,190.8157095795385,89.91764671584716,60.29403068238501,158.3689604966319,1,-1,-1,-1
131,24,283.8985768342722,89.80873017924357,61.9010500184099,165.60179105393,1,-1,-1,-1
132,32,473.676738697342,108.4436457977026,63.32968882038381,146.3804015811477,1,-1,-1,-1
132,29,190.8459742881923,90.01306855895292,60.11671095471169,158.0505018145545,1,-1,-1,-1
132,24,281.1756551887768,89.82308982913725,63.08004297998502,165.5927380816389,1,-1,-1,-1
133,44,399.3028220289552,109.404376522573,59.49686171268618,150.8155075971659,1,-1,-1,-1
133,32,472.3757677358466,108.5406024139707,63.30180718821239,146.3159559066148,1,-1,-1,-1
133,29,190.7868839824613,90.12065157517897,59.98852705331682,157.7977259131555,1,-1,-1,-1
133,24,279.7719691387513,89.87791590854577,64.00356722318466,165.3243617576981,1,-1,-1,-1
134,44,395.5625871053295,108.7472608489387,59.89771989467391,151.8214576107,1,-1,-1,-1
134,32,470.4994729594912,108.1564240464661,62.82635711223693,146.3808170604492,1,-1,-1,-1
134,29,190.7663460048598,90.26678784078652,59.85869811448715,157.576502810319,1,-1,-1,-1
134,24,278.5693789803747,89.76738094338722,63.95157183343031,165.1900551088905,1,-1,-1,-1
135,44,392.9366287065355,108.2889525765098,59.7174064541468,152.2125488778299,1,-1,-1,-1
135,32,467.9997967297806,108.0767339717685,62.55868441275166,146.2985683982054,1,-1,-1,-1
135,29,190.788104608027,90.37344643859218,59.53318956634742,157.3943352424003,1,-1,-1,-1
136,44,392.2290370165633,108.0232173760191,59.83346460284722,152.1138115179158,1,-1,-1,-1
136,32,467.0037618416804,108.1012977534257,62.26346852086068,146.3155411165521,1,-1,-1,-1
136,29,190.5881743643438,90.36384965884535,59.59166633194668,157.4504858151516,1,-1,-1,-1
137,46,272.8043477115849,91.52420959927757,66.35081607363425,162.8894338343373,1,-1,-1,-1
137,44,391.850507230354,106.5753280884243,60.03966330333417,151.828124246337,1,-1,-1,-1
137,32,465.0426531660174,108.2485852344907,61.56469000407031,146.0262950452394,1,-1,-1,-1
137,29,190.4652510608369,90.38273131920731,59.51791864385218,157.4423052023005,1,-1,-1,-1
138,46,269.9092637081381,93.68452860494921,66.04051146962168,162.0456113492283,1,-1,-1,-1
138,44,387.818653850319,108.4253903575208,59.28321758583263,150.3280306143756,1,-1,-1,-1
138,32,464.4957765772789,108.3768620714269,60.52351500831099,145.7572357774105,1,-1,-1,-1
138,29,188.9396612314675,90.50990589589219,59.33234778288681,157.1814632246982,1,-1,-1,-1
139,48,-1.125130052142683,112.6864004699419,57.33708265739983,175.77599028659,1,-1,-1,-1
139,46,269.7091128418606,92.46170085846434,65.28413932032832,161.4701551307226,1,-1,-1,-1
139,44,384.3735700051118,109.6035389941679,58.75645232112188,149.0685117068112,1,-1,-1,-1
139,32,462.8160077333638,108.5587671272192,59.34941164294966,145.3717234927971,1,-1,-1,-1
139,29,188.2226655539521,90.62555720414659,59.25429622659605,156.9994275799469,1,-1,-1,-1
140,48,-0.2946206418460378,112.2336333762229,56.40255190018101,176.1605395475285,1,-1,-1,-1
140,46,267.5095668636121,91.8261258655612,64.92047990019316,161.6929959087952,1,-1,-1,-1
140,44,381.146628691333,110.252892896824,58.12630843556206,148.4394586621951,1,-1,-1,-1
140,32,460.7652791524127,108.8200771689996,57.89959210296257,144.8936017708735,1,-1,-1,-1
140,29,187.9731330240421,90.63638279797401,58.96053995194598,157.0275107565407,1,-1,-1,-1
141,48,0.2715047169089111,112.6070608513683,55.99665057934259,174.8927991125125,1,-1,-1,-1
141,46,266.5374881967946,91.34148699692636,64.953525520452,161.9324286473051,1,-1,-1,-1
141,44,377.5981850780643,110.3966486947935,58.79834427225913,148.7136663516683,1,-1,-1,-1
141,32,460.0727411707045,109.1948812677955,57.0258208836306,144.6516610514055,1,-1,-1,-1
141,29,187.8974458383568,90.56274016077208,58.60819851542767,157.1947047647326,1,-1,-1,-1
142,48,5.414320558048036,111.1564775509541,57.12197474075175,177.8266702957144,1,-1,-1,-1
142,46,264.6823340818675,91.12855765181331,64.28496126583381,161.8638805903041,1,-1,-1,-1
142,44,374.2190215587746,110.8425270421538,59.26686757389435,148.1862357898598,1,-1,-1,-1
142,32,460.080377611347,109.6060988450032,56.01579240135366,144.4406144184544,1,-1,-1,-1
142,29,187.738060757662,90.49048925243375,58.61817040900408,157.3273694198726,1,-1,-1,-1
143,48,7.677648813588522,110.8181100547059,57.23720409352791,178.1853912996277,1,-1,-1,-1
143,46,263.7516253874992,90.8789787736854,64.31827713597865,162.2239866230795,1,-1,-1,-1
143,44,370.6216585165814,110.8847644086182,60.2167567047388,148.1257975702024,1,-1,-1,-1
143,32,460.1425820702262,109.9015005503387,55.48102364906931,144.0041859966609,1,-1,-1,-1
143,29,187.5441488586703,90.23214463118317,58.68869499142854,157.6888322722395,1,-1,-1,-1
144,46,263.3319629556923,90.54327031900783,64.32370696186942,162.7103085082063,1,-1,-1,-1
144,44,369.1826643697705,111.1839830319399,60.64184545792653,147.4956239584004,1,-1,-1,-1
144,32,458.4853038570412,111.190652469803,55.38050383977252,144.1248564423195,1,-1,-1,-1
144,29,186.0278701297357,89.94538167929602,58.59013257814323,157.9542824676033,1,-1,-1,-1
145,48,17.91501073682345,109.1271565599925,62.63348574512717,182.0185478714594,1,-1,-1,-1
145,46,261.7912466026785,90.70334305860179,63.60141406156619,162.3027961628854,1,-1,-1,-1
145,44,367.0271437606114,111.7299614817622,60.41229071255302,146.5692982560946,1,-1,-1,-1
145,32,457.9385832885861,111.7363954559533,55.23643341224674,144.3268276831672,1,-1,-1,-1
145,29,185.5278248871766,89.65096075005688,58.31862173996475,158.2699506283983,1,-1,-1,-1
146,48,21.42635904661818,108.0793675549964,63.31420957601591,183.9967926031045,1,-1,-1,-1
146,46,260.9339757445669,90.3108148237642,63.35615710485714,162.8348933391679,1,-1,-1,-1
146,44,364.2051765765736,111.9498954147472,60.47307781319515,146.0933564460867,1,-1,-1,-1
146,32,457.6290237642067,112.0669281853573,55.1961114686558,144.6306563353814,1,-1,-1,-1
146,29,185.275158860096,89.42235820384066,58.153493104099,158.5358324986884,1,-1,-1,-1
147,46,259.321356524247,88.9713512190898,62.54478135812481,162.6154122603176,1,-1,-1,-1
147,44,362.9882859989655,111.9684608417056,60.49535605398419,145.917452251904,1,-1,-1,-1
147,32,457.5666071700584,112.2002986437502,54.95071887423174,144.7974448433894,1,-1,-1,-1
147,29,185.1909875732463,89.28959282948148,58.00903822976954,158.8177270089788,1,-1,-1,-1
148,46,258.8142732951688,90.09155911440273,61.79826043301514,162.0367124030047,1,-1,-1,-1
148,44,360.9447278006068,111.7010670603961,60.12937865798383,146.0116052097661,1,-1,-1,-1
148,32,455.7487358565356,112.0102810183338,54.69427012932256,145.0027169446057,1,-1,-1,-1
148,29,185.1310290711062,88.92694305764542,57.9036996357457,159.291860320145,1,-1,-1,-1
149,46,258.6421849225964,90.50512466036628,61.1455731394957,161.8336507848805,1,-1,-1,-1
149,44,358.3453405441188,111.4651649917777,59.71352668806205,146.2312631846622,1,-1,-1,-1
149,32,454.7838136537864,111.6308071288383,54.83555596796928,145.605200926372,1,-1,-1,-1
149,29,185.0557590968943,88.76720431532227,57.8934445510068,159.5184490011401,1,-1,-1,-1
150,46,257.1844544486374,90.99456251894657,60.36851773290999,161.2331627503901,1,-1,-1,-1
150,44,357.2429074383895,111.1844684831611,59.43906439669257,146.2792566444607,1,-1,-1,-1
150,32,452.6321605896023,111.0025466154014,54.93134459128279,146.4460552079858,1,-1,-1,-1
150,29,184.9178765788023,86.66093973828926,58.05229668719019,160.577693529802,1,-1,-1,-1
151,46,256.6669115166596,89.76195677571958,59.69575591572021,161.0057461479735,1,-1,-1,-1
151,44,355.5390855878056,110.1455503087684,58.29126872706504,145.4442473089062,1,-1,-1,-1
151,32,451.7867070718992,109.2976588872831,55.02534736334921,146.8798202570676,1,-1,-1,-1
151,29,184.83053338993,85.83378875257571,58.17194316897444,161.151216286253,1,-1,-1,-1
152,54,406.0351532510385,110.0568214736886,52.51508168151681,143.9611084730774,1,-1,-1,-1
152,46,256.5303237058229,89.20374443094352,59.08800583741625,160.9535068762928,1,-1,-1,-1
152,44,353.2131059332816,109.8856328999677,57.50549722298409,144.8383313023684,1,-1,-1,-1
152,32,451.2803999771329,108.5096426217852,55.19800517548314,147.1490090567418,1,-1,-1,-1
152,29,184.8028852050834,85.35647104255754,58.19318934840888,161.6336740109222,1,-1,-1,-1
153,54,405.6799005999284,110.9335268254449,53.38014306428218,146.4254781427898,1,-1,-1,-1
153,46,255.0105998921235,89.04298884620272,58.62210647863574,160.9166810428355,1,-1,-1,-1
153,44,352.3167270021976,109.7623834664376,56.69581013931076,144.4672299685908,1,-1,-1,-1
153,32,449.1099973897914,108.0379226924831,55.46752708326536,147.2294095425641,1,-1,-1,-1
153,29,184.7818208403077,85.12552049185379,58.27064318503248,161.8987089492858,1,-1,-1,-1
154,54,405.3134793131474,110.4134197273401,54.04012821673007,147.9779737416923,1,-1,-1,-1
154,46,254.6210894855682,90.42467020462615,57.95398269415501,160.8578385783946,1,-1,-1,-1
154,44,350.511631083102,109.8905725402005,55.53323918971033,143.869194071956,1,-1,-1,-1
154,32,448.0276605553589,107.5855310242617,55.82046189769179,147.5682618864635,1,-1,-1,-1
154,29,184.7620746716129,84.89494901318464,58.21467755292313,162.2639913373578,1,-1,-1,-1
155,54,405.1350501448306,109.2704897776969,54.02211125510959,146.8935082799449,1,-1,-1,-1
155,46,254.53975766735,90.88063045515968,57.47933801123636,161.0293240907307,1,-1,-1,-1
155,44,348.4519284133905,110.1750634224886,54.48491440963926,143.0149704606019,1,-1,-1,-1
155,32,446.068324042997,107.5715585570864,55.44181910917675,147.7986348947881,1,-1,-1,-1
155,29,184.7938963868664,85.11724126924867,58.12352984510283,161.8406802762347,1,-1,-1,-1
156,54,405.316302884486,109.4186131786459,53.44680119202879,145.4505393780293,1,-1,-1,-1
156,46,254.5522157244248,91.02331168770061,57.15873681483757,161.229173923672,1,-1,-1,-1
156,44,347.5736111408471,110.4857282667787,53.59792810636216,142.3821118078372,1,-1,-1,-1
156,32,445.2196069679879,107.6277742230044,55.41317762452438,148.2638290766997,1,-1,-1,-1
156,29,185.0098660186745,85.21751046004347,57.77423951448542,161.6399285966567,1,-1,-1,-1
157,54,405.4181807212889,109.7864208239385,52.84483806285632,144.4431237918757,1,-1,-1,-1
157,46,254.6235979953362,91.1873331582434,56.83646339347607,161.1530527212508,1,-1,-1,-1
157,44,345.6559738435008,110.5565853146055,53.17209206576646,141.9402928370997,1,-1,-1,-1
157,32,444.5090547009056,108.5703833789942,55.90712003204074,149.4774841107549,1,-1,-1,-1
157,29,185.0478115186176,85.12355297755757,57.72531301014729,161.7550219972327,1,-1,-1,-1
158,54,403.6490378178482,109.9616156883101,52.65574865838837,144.0118183924896,1,-1,-1,-1
158,46,254.5553890870571,91.25206795802974,56.76238490924339,161.1073904813086,1,-1,-1,-1
158,44,343.0786289826545,110.9427752001289,52.93423021695268,141.4988696610228,1,-1,-1,-1
158,32,442.6402212110901,108.9737638745287,55.91572107308701,150.0562099190952,1,-1,-1,-1
158,29,185.0570171607273,85.1890247346102,57.73873363488593,161.7568592254582,1,-1,-1,-1
159,54,402.8713719930815,110.1200535478459,52.5026296123083,143.7911854781917,1,-1,-1,-1
159,46,254.7189124682568,91.36626362989092,56.29791276104351,160.8680061228028,1,-1,-1,-1
159,44,341.7834487020505,111.1936747917742,52.85787620099117,141.3228623820191,1,-1,-1,-1
159,32,441.8212165218612,109.1795182369103,56.01536649217123,150.3871669068124,1,-1,-1,-1
159,29,185.0648858548671,85.26723178116188,57.78011772235234,161.6741831304649,1,-1,-1,-1
160,54,402.197913783591,111.1017107372243,52.89414773512675,144.862572965437,1,-1,-1,-1
160,46,253.473218180541,91.54150973647491,55.68780349813591,160.6879828860232,1,-1,-1,-1
160,44,339.463648249103,112.265742520918,53.27666550955184,141.8186098536611,1,-1,-1,-1
160,32,441.2741692263073,109.2334475353054,56.34461537916953,150.9573300846986,1,-1,-1,-1
160,29,185.1764719607579,85.35771266395304,57.66143934102669,161.6158205642298,1,-1,-1,-1
161,54,400.0146852490035,111.6797515168095,53.3182770585938,145.3104596634851,1,-1,-1,-1
161,46,254.6451601391607,91.53519560716147,55.24265961158974,160.4845523929044,1,-1,-1,-1
161,44,338.4569653492497,112.7528842406415,53.48354489805339,141.9115208942445,1,-1,-1,-1
161,32,440.6968638146863,109.0949000103933,56.92747993564766,151.3948966096561,1,-1,-1,-1
161,29,185.2254420010047,85.19222943756796,57.57951153011447,161.8252743990006,1,-1,-1,-1
162,54,398.9189300466241,111.788744548648,53.67911172609812,145.8134698748451,1,-1,-1,-1
162,46,253.5709350967178,91.28452905637992,55.0842476532715,160.831948463253,1,-1,-1,-1
162,44,337.8388150592338,113.0751872875248,53.78242744730044,141.7297663800102,1,-1,-1,-1
162,32,438.5036367491354,108.7211510950231,57.66809702136682,152.0548106357273,1,-1,-1,-1
162,29,185.2186006602634,85.29486379714217,57.61217702730174,161.6757994250955,1,-1,-1,-1
163,54,398.2816312251031,111.7272542923527,54.01936566516166,146.1576546504782,1,-1,-1,-1
163,46,253.2271864920609,89.87746394562791,54.92135015969006,160.7400267247021,1,-1,-1,-1
163,44,335.9394030130406,113.3894634511992,53.7921878181578,141.3123941096056,1,-1,-1,-1
163,32,437.3475158509987,108.4385110345577,58.18648563899738,152.5834771288667,1,-1,-1,-1
163,29,185.1993862826494,85.29059395780718,57.63572141963747,161.6777364250771,1,-1,-1,-1
164,54,396.0480107692448,111.2394574407106,54.66815822353779,147.2506727970228,1,-1,-1,-1
164,46,253.1192774482651,89.0283701199839,54.93395876299795,160.8676701725493,1,-1,-1,-1
164,44,335.2384252501886,112.6714779812051,53.4489226456495,140.2890378875287,1,-1,-1,-1
164,32,435.1097408736728,107.8664855379104,58.53391426842757,153.253822762079,1,-1,-1,-1
164,29,185.2416195067143,85.47164243461164,57.70659313179819,161.3298760288024,1,-1,-1,-1
165,54,394.8238871679848,110.8332418870969,55.2358796862646,148.0636415650505,1,-1,-1,-1
165,46,253.0767113179929,88.36485566071313,54.93468904052882,161.1769779974443,1,-1,-1,-1
165,44,333.0312912552928,112.0719756998102,53.7079611610366,140.3316011669577,1,-1,-1,-1
165,32,433.9438933760493,107.2411597399378,59.10019143277668,154.0595133191161,1,-1,-1,-1
165,29,185.2170132246754,85.41556850821038,57.86425846750891,161.3399025948626,1,-1,-1,-1
166,54,392.2416874711058,110.3345862241232,55.98530156596532,148.6847746866925,1,-1,-1,-1
166,46,253.1598603329209,87.82334809668777,54.74787332508827,161.6071145809647,1,-1,-1,-1
166,44,332.0768799778847,111.7936553259188,53.82931560330278,140.1978594121586,1,-1,-1,-1
166,32,431.4961402090458,106.7880367526812,59.71449484700648,154.7152237858616,1,-1,-1,-1
166,29,185.2653315653995,85.57431061500077,57.89900725845504,161.0666226109914,1,-1,-1,-1
167,54,389.2494240552417,109.7906235866019,56.43595412158349,149.4233728521733,1,-1,-1,-1
167,46,253.1944754228398,86.27332027919138,54.74512699657687,161.6822893420497,1,-1,-1,-1
167,44,331.6331014168662,111.5183396200931,53.81027003505075,140.0386598771608,1,-1,-1,-1
167,32,430.5145764570258,106.334223120537,59.99645652456422,155.3954157016117,1,-1,-1,-1
167,29,185.2255043741721,85.39148594109923,58.03811501961724,161.2417268369686,1,-1,-1,-1
168,54,387.6588432361806,109.3354010572654,57.06631696802594,150.2096595893707,1,-1,-1,-1
168,46,253.2537479549461,85.45866426920541,54.68482997496281,162.1171998948605,1,-1,-1,-1
168,44,329.8988723643536,110.1809327832948,53.48576207689605,139.3022584613994,1,-1,-1,-1
168,32,429.9953092773563,106.0170076688934,60.28319939025818,155.9815246361265,1,-1,-1,-1
168,29,185.0796250682136,85.42418565136263,58.30706234413645,161.3226861245173,1,-1,-1,-1
169,54,385.1430898594367,108.8651008875006,57.34807181482002,150.7971885904691,1,-1,-1,-1
169,46,253.2681942590051,84.94567439674029,54.69335548456477,162.3958236875649,1,-1,-1,-1
169,44,328.7863611007393,109.3571435726145,53.58770718914909,139.1977615013392,1,-1,-1,-1
169,32,429.7170055558307,106.0601384795571,60.39627446052059,156.0297990013622,1,-1,-1,-1
169,29,184.9994049641287,85.32240907824757,58.44053876740696,161.3779054308667,1,-1,-1,-1
170,54,382.1995231468603,108.493893584004,57.71435545577603,151.3871389562002,1,-1,-1,-1
170,46,253.1142916886021,84.75622599091824,54.90754546516666,162.8425037132249,1,-1,-1,-1
170,44,326.4935794886707,108.6516546534065,54.09608503055477,139.6798382654349,1,-1,-1,-1
170,32,427.8539251723821,106.1479000683893,60.32416930986364,156.1188652121095,1,-1,-1,-1
170,29,184.9727991055488,85.46557198631191,58.46150523358481,161.3002744910902,1,-1,-1,-1
171,54,380.9018633856583,108.0635517189468,57.97082280065432,152.1030745091783,1,-1,-1,-1
171,46,253.0341738136174,84.52940668694076,54.87547304335954,163.368832430963,1,-1,-1,-1
171,44,325.345309915909,108.151335235284,54.4959554195267,140.2624398896615,1,-1,-1,-1
171,32,426.9645603602778,106.4306042221659,60.38802580712514,156.1306411617971,1,-1,-1,-1
171,29,184.9706681312544,85.37538008521504,58.5642561606004,161.3361739940222,1,-1,-1,-1
172,54,378.6079628028789,107.9209121650282,57.98219004533861,152.6106140566802,1,-1,-1,-1
172,46,252.8615931177153,84.38324238739867,54.98690826401709,163.7239131635985,1,-1,-1,-1
172,44,323.103531274544,107.7877042708607,54.88914725962857,140.4516689271215,1,-1,-1,-1
172,32,424.9867908257707,106.7891624258436,60.05761328995126,155.6565575431404,1,-1,-1,-1
172,29,185.0472529098287,85.28052136173849,58.49465129333026,161.4419077418953,1,-1,-1,-1
173,54,377.9257026479291,108.3064741234624,57.44006049788127,152.0037882988926,1,-1,-1,-1
173,46,252.7024370521137,84.4256715152387,55.00121986022128,163.6180362065747,1,-1,-1,-1
173,44,322.1638553129757,107.5768873924727,55.01906200261762,140.6630727052967,1,-1,-1,-1
173,32,424.2010860552476,107.0847790913378,59.93820130393903,155.3808294636018,1,-1,-1,-1
173,29,185.1075144990847,85.32723078012555,58.40959596681954,161.3051403444805,1,-1,-1,-1
174,54,377.7572801789423,108.8682064551446,56.60455082302317,151.3296106682884,1,-1,-1,-1
174,46,252.6033527381564,84.28122646842799,54.90036407320286,163.7152920383232,1,-1,-1,-1
174,44,321.651789536567,107.2012868823683,55.18545396918743,141.1656410429422,1,-1,-1,-1
174,32,423.7046630545783,108.3962071742532,60.03880648494806,155.8983856262811,1,-1,-1,-1
174,29,185.2288210342871,85.53086602126623,58.16984196341478,161.044728713207,1,-1,-1,-1
175,54,375.8800314655069,109.5741431750785,56.43464944678391,150.7500031364812,1,-1,-1,-1
175,46,252.5106063646018,84.21841156401013,55.02984464374643,163.9715621073592,1,-1,-1,-1
175,44,319.6906572811603,106.997753467343,55.35407711413016,141.4505421552482,1,-1,-1,-1
175,32,422.1265669964267,108.9088800175056,59.40228756783366,156.2951166187178,1,-1,-1,-1
175,29,185.5490003291932,85.63374851724416,57.81172265274724,160.9673618191785,1,-1,-1,-1
176,54,372.9667816458145,110.200881767497,56.76659775876021,150.0459404786509,1,-1,-1,-1
176,46,252.4554737970731,84.28068063248854,55.14366526281694,164.0496642974885,1,-1,-1,-1
176,44,318.8363336641584,106.8914984212979,55.30967243692209,141.602246105688,1,-1,-1,-1
176,32,421.38805012976,108.9526091163979,59.27108606110149,156.7598743994176,1,-1,-1,-1
176,29,185.7419215111675,85.52585608052871,57.56906303367877,161.2158981698959,1,-1,-1,-1
177,54,371.8112815150409,111.3696748885662,57.12951117289032,150.5020068456256,1,-1,-1,-1
177,46,250.7638779685987,84.37381426169713,55.34676247301496,164.0199120741528,1,-1,-1,-1
177,44,316.5935497698196,106.8702026687105,55.43455563886668,141.6349381846204,1,-1,-1,-1
177,32,420.6134201354384,108.4782729944603,59.74314128776454,157.6928100056826,1,-1,-1,-1
177,29,159.5882870924858,101.14798038396,60.13160479052938,162.5719301575054,1,-1,-1,-1
178,54,369.4565044676033,111.6316045054491,57.26845039910112,151.0813105066477,1,-1,-1,-1
178,46,250.0543040061076,84.45964821753032,55.4560797281337,163.8119560716298,1,-1,-1,-1
178,44,315.6361478900206,106.9918082076815,55.59938864940387,141.5212474205563,1,-1,-1,-1
178,32,418.5825092637549,107.1376711051483,59.9152264354131,157.7168706852035,1,-1,-1,-1
178,29,151.2570676902798,107.3070273010784,62.17289946407725,162.7515342758502,1,-1,-1,-1
179,54,368.4658662506717,111.4943289952067,57.29515436659929,151.5461105445487,1,-1,-1,-1
179,46,249.7415226937021,86.04201213076591,55.43184913534979,163.2287445546267,1,-1,-1,-1
179,44,315.2028647417203,107.0498259406009,55.47213398165792,141.3649981129645,1,-1,-1,-1
179,32,417.2696358390071,106.1461307914122,60.67985128205772,158.3996733680482,1,-1,-1,-1
179,29,149.4891553957925,109.7787761174637,64.27023392074952,162.4792384469139,1,-1,-1,-1
