1,1,54.76704788208008,147.3831481933594,110.668025970459,295.2847900390625,1,-1,-1,-1
1,2,197.4297943115234,200.3158874511719,58.74989318847656,145.4542541503906,1,-1,-1,-1
1,3,274.7117919921875,196.1383819580078,87.10040283203125,185.7240142822266,1,-1,-1,-1
1,4,400.9921264648438,175.6683807373047,119.4466552734375,238.7194976806641,1,-1,-1,-1
1,5,164.4522094726562,199.7018890380859,55.19796752929688,153.7795562744141,1,-1,-1,-1
2,1,59.95957835498441,143.4968838160875,113.1288181357033,297.5327246631949,1,-1,-1,-1
2,2,205.901854780093,203.0769484208105,54.33267226626044,140.0976430069429,1,-1,-1,-1
2,3,271.4153706012334,194.5600595837929,87.22627133832076,188.3606762289725,1,-1,-1,-1
2,4,407.4587552870642,176.3208039967097,118.9191702279823,238.2285651473189,1,-1,-1,-1
2,5,170.3878128258915,199.2661606031245,55.52883369512303,153.8978383253725,1,-1,-1,-1
3,1,69.26160492919607,141.5076305987995,118.3251966397103,301.0093981180603,1,-1,-1,-1
3,2,210.6287603864448,203.4724421887345,52.26011074529608,139.4159719141575,1,-1,-1,-1
3,3,266.6190105505622,192.8125158408218,84.89911972011629,186.8627970865236,1,-1,-1,-1
3,4,414.5111144470197,176.3418909748312,117.4682204568123,238.1934004747522,1,-1,-1,-1
3,5,174.4839415526508,200.9125822264103,54.62650584558448,150.9821716037164,1,-1,-1,-1
4,1,76.82919980542019,143.2775244603007,123.3644172297094,301.8285140252177,1,-1,-1,-1
4,2,216.9920341973887,203.454377668141,50.58871061302725,138.9121045434909,1,-1,-1,-1
4,3,261.3054828262986,192.1822567513897,83.05903813581916,186.6613403385263,1,-1,-1,-1
4,4,422.7952398083253,177.5266619596036,118.5138732989127,240.4084163110619,1,-1,-1,-1
4,5,179.4217775403616,200.5143850085493,55.89743921048219,151.3080742142232,1,-1,-1,-1
5,7,65.97908718243627,208.7551237230846,30.78057435893783,84.42386371549622,1,-1,-1,-1
5,1,81.96591333730663,144.455161611163,127.6267841938438,301.0442642601051,1,-1,-1,-1
5,2,223.881931124049,203.8260831625144,48.84249645773857,137.8334662896991,1,-1,-1,-1
5,3,256.0161321217311,191.4464265237656,81.13200047380327,187.4239255882814,1,-1,-1,-1
5,4,428.4631137609659,176.4116064317878,116.4505084387281,239.6416848372203,1,-1,-1,-1
5,5,182.6444502752969,200.4701789665497,56.84519904706266,151.9233203178979,1,-1,-1,-1
6,7,91.02866889821206,143.3925529056061,126.7393308669086,309.7036247357398,1,-1,-1,-1
6,1,125.6781728264757,165.6883700352112,98.12683777018719,240.6975232776277,1,-1,-1,-1
6,2,228.2975907054999,200.5633250932559,48.11985489378973,140.2994444187079,1,-1,-1,-1
6,3,251.6895504962958,190.3710074796625,77.06778076328922,186.0533045370589,1,-1,-1,-1
6,4,435.7441930827217,176.2239039659588,113.3701968508489,238.7480237778321,1,-1,-1,-1
6,5,185.8424894520666,201.0810187574923,56.86031447520543,151.0656474365621,1,-1,-1,-1
7,8,65.21298773677647,208.6665103769966,32.53562092870202,84.77743484570499,1,-1,-1,-1
7,7,139.3036277033747,130.2053604319319,176.2194547336419,430.6145811774531,1,-1,-1,-1
7,1,111.017160568416,159.9770576188885,115.9349676126914,268.2740981330024,1,-1,-1,-1
7,2,233.9800794445523,200.7636401138369,48.26411452013684,142.6359794183682,1,-1,-1,-1
7,3,246.7738738461878,191.6451484388323,74.01176948984961,185.9851678487618,1,-1,-1,-1
7,4,445.6236258974321,176.0557251016195,109.964165956171,238.5243020271855,1,-1,-1,-1
7,5,186.3857129786512,201.6186188705243,58.27437950198284,153.559132864897,1,-1,-1,-1
8,8,65.21298773677647,208.6665103769966,32.53562092870202,84.77743484570499,1,-1,-1,-1
8,1,107.8090203419179,156.4623724334963,125.8075244624871,281.3982409605553,1,-1,-1,-1
8,2,239.559560549995,201.7464722575771,47.48309126466864,140.3278045331593,1,-1,-1,-1
8,3,238.0165018580707,188.6305131908974,74.23275254805191,189.1068591437273,1,-1,-1,-1
8,4,454.5263038083366,174.0470567181564,106.1790748432163,238.4948498636662,1,-1,-1,-1
8,5,188.912181987621,200.7871296835539,58.13172963437395,153.3441481596567,1,-1,-1,-1
9,1,111.9631873307554,154.4534196324661,130.8953068880401,287.6764354839897,1,-1,-1,-1
9,3,230.4625967404181,187.9825084932228,75.40532793069117,192.9798726381531,1,-1,-1,-1
9,4,465.2753278041196,173.3812619255783,101.9371835329467,238.5828519169661,1,-1,-1,-1
9,5,192.3994284378306,200.7577920954752,56.91028062851817,152.4152088626461,1,-1,-1,-1
10,1,120.2570749824277,153.3792291447056,131.2953230514045,290.565782035561,1,-1,-1,-1
10,3,222.968974220217,187.0248361257539,77.13920065672029,195.9810953833137,1,-1,-1,-1
10,4,474.4875945260673,172.6496052026832,97.98905136348148,239.4529171912073,1,-1,-1,-1
10,5,195.7787601634945,200.7045581498583,56.9907058341547,152.6306009566497,1,-1,-1,-1
11,1,128.2293339228892,150.7592942404609,129.4730367173175,291.9492329334706,1,-1,-1,-1
11,3,242.1114881997192,188.829332999812,68.07409790544344,176.2152381051216,1,-1,-1,-1
11,4,483.6471989224567,171.3592888791166,97.04542868844429,241.962524846861,1,-1,-1,-1
11,5,217.162203046541,193.8813972911577,69.37024422381012,179.9374610392601,1,-1,-1,-1
12,1,138.4948019160428,149.5291721572241,125.979230824355,292.375714685754,1,-1,-1,-1
12,3,238.9523533841729,189.1858941046132,66.76604328157129,172.8292342638323,1,-1,-1,-1
12,4,492.0799905107077,171.5587277562809,98.87191217765648,244.7938321539504,1,-1,-1,-1
12,5,218.7977928526255,191.0408461580732,74.63859404764722,189.0375496774868,1,-1,-1,-1
13,1,149.5487795374534,149.1807023981933,122.2348773906935,292.2647355548144,1,-1,-1,-1
13,4,499.4027892043107,170.0370202620131,103.3860245555037,249.1993083407453,1,-1,-1,-1
13,5,248.3818660874959,189.7191108415784,68.30899191110727,175.8822592894423,1,-1,-1,-1
14,1,161.7841210628216,145.8521782698089,120.9424186736436,295.1779699521699,1,-1,-1,-1
14,4,505.0106121541351,169.2770614942104,107.2440288034253,251.3894602050959,1,-1,-1,-1
14,5,259.8877758894554,191.1248435876448,64.91411526954036,166.8906251766767,1,-1,-1,-1
15,1,170.2694702228109,145.3180769846228,121.2610386994455,295.9556095382949,1,-1,-1,-1
15,4,510.1960361658637,169.1703471657692,110.4360989181971,252.2263910363996,1,-1,-1,-1
15,5,269.0922782642747,192.7057215411336,61.79417775678974,161.1942331060861,1,-1,-1,-1
16,1,178.0361538393901,145.8211229608008,118.0889383980364,298.0091136745017,1,-1,-1,-1
16,4,515.1347256628314,170.400858119674,113.4579740462458,253.5403797296928,1,-1,-1,-1
16,5,277.1070414434686,193.1084198824294,58.7145303222435,156.2329606805737,1,-1,-1,-1
17,1,186.4540224474321,146.6764474765847,118.5290794175185,300.7817053946252,1,-1,-1,-1
17,4,518.7809746545807,170.9663296074696,114.6543756709761,254.020301220868,1,-1,-1,-1
17,5,282.8476437297516,193.8670293124536,56.44114414183892,152.9284374004239,1,-1,-1,-1
18,1,194.5691133365561,147.3836924280387,120.8560065593017,301.2314471566998,1,-1,-1,-1
18,4,523.9639604467932,170.8692859517975,115.0818113839033,254.8995819227549,1,-1,-1,-1
18,5,289.0982394469183,196.3409476974796,54.90161226033686,150.5231599285381,1,-1,-1,-1
19,1,201.0447795387684,148.4393248884733,122.6916940185308,299.7966457357394,1,-1,-1,-1
19,4,528.0138194682504,170.4583138724681,114.7738085467266,256.1216418602126,1,-1,-1,-1
19,5,295.1372208354708,198.3553478352507,54.48472150631678,148.3385724277263,1,-1,-1,-1
20,1,208.2578597569841,148.949744870064,125.7197271514631,299.3858479536451,1,-1,-1,-1
20,4,532.333681941857,169.8702200792931,112.7922303419308,257.1275895473261,1,-1,-1,-1
20,5,300.4392062072706,199.6229471527305,55.76895976968999,146.9373865450538,1,-1,-1,-1
21,1,216.1318776035147,150.8491895991643,128.4227040292513,299.5478746680737,1,-1,-1,-1
21,4,539.6428278239907,168.4411718490146,108.3462120783647,256.1428854558581,1,-1,-1,-1
21,5,305.6405856154016,200.2946331368779,57.62740529121999,146.3191781237467,1,-1,-1,-1
22,14,144.2050870777922,180.9383385939528,78.56247238427717,203.4348948002867,1,-1,-1,-1
22,1,224.3787315565748,153.0800220544892,130.7234483614192,300.5877498468288,1,-1,-1,-1
22,4,548.4684440055557,168.1622839865193,102.2411328828545,254.8945157056849,1,-1,-1,-1
22,5,308.8062518929617,201.7594391968125,59.5999060832048,146.5980972125842,1,-1,-1,-1
23,16,-13.64415884849484,178.1598912469645,63.84366635338394,234.7405368863976,1,-1,-1,-1
23,14,135.901179017721,178.9850166309176,80.71370526686702,206.7579761330902,1,-1,-1,-1
23,1,230.7127868807752,153.697077788832,132.9199312726308,301.3750760893093,1,-1,-1,-1
23,4,556.1695902564367,166.4378110996914,94.88082849213562,254.0497611966415,1,-1,-1,-1
23,5,312.1849896909092,202.646656313272,59.89958098654023,146.1868619645335,1,-1,-1,-1
24,16,-9.795090209356111,179.5292484577957,62.76634207981279,232.1095831307112,1,-1,-1,-1
24,14,124.8266574720359,177.5789769219704,84.3850943082881,209.614511620947,1,-1,-1,-1
24,1,239.4504697856896,154.2121255411788,132.7613403460011,301.1968330981086,1,-1,-1,-1
24,4,565.6806431601976,165.5062095397002,86.74569744033961,253.9967013480328,1,-1,-1,-1
24,5,317.877372962731,203.3011268446825,59.10793260478722,145.3912475545008,1,-1,-1,-1
25,16,-7.5425924657808,177.6532153037743,64.62922944846913,235.5760925695266,1,-1,-1,-1
25,14,113.1788063136835,176.6872903496742,88.98695062174214,211.3884908831114,1,-1,-1,-1
25,1,249.8449684421864,154.105312537464,130.4940336551522,301.5156813892011,1,-1,-1,-1
25,4,571.9165933252078,166.0276686042172,86.18449154823816,252.3534562122279,1,-1,-1,-1
25,5,322.2545882965072,203.427629213046,58.29253230401267,145.073686196461,1,-1,-1,-1
26,16,-5.965628150990021,175.1328821371862,67.45863970088153,240.1977740641364,1,-1,-1,-1
26,14,103.9535886597962,176.4903254731905,93.16321714707023,211.8739247477421,1,-1,-1,-1
26,1,261.1132831328591,154.2313541479949,126.704612505061,301.2393659795619,1,-1,-1,-1
26,5,328.5186583519485,201.7264405657853,56.3245771806791,145.0417346101745,1,-1,-1,-1
27,16,-6.764949703274024,170.2526664279979,71.08684844113448,245.6249143099103,1,-1,-1,-1
27,14,98.55167019945227,177.2114865613149,95.41737334516699,210.8513596324012,1,-1,-1,-1
27,1,272.9717688596986,154.3829343159988,121.7676568513707,300.8133206371182,1,-1,-1,-1
27,5,335.4563621900807,200.723915372094,54.20417276175635,145.4992608486938,1,-1,-1,-1
28,16,-4.365264597155722,167.2509342025345,75.32093759708255,249.9854686685212,1,-1,-1,-1
28,14,94.76160445913958,178.6322791916251,96.33246807734096,208.1523104609846,1,-1,-1,-1
28,1,243.6650324927532,151.8771415987208,108.1774604811279,272.6705567016553,1,-1,-1,-1
28,5,312.8063768722224,189.5934451078066,75.18512201348366,204.6236520363372,1,-1,-1,-1
29,16,-1.800017587658317,166.2003040148612,77.80636512906958,251.2272070129341,1,-1,-1,-1
29,14,87.17100775503965,179.7416090043201,96.76429842560016,206.1214580422102,1,-1,-1,-1
29,1,236.0510583671193,155.7153804389673,95.78620896538547,248.5686897833745,1,-1,-1,-1
29,5,307.7785512266109,178.3190865867346,88.10166621508824,240.719707640455,1,-1,-1,-1
30,16,0.96279130007742,164.7309075522037,83.14261604291296,253.908035566306,1,-1,-1,-1
30,14,82.51055459441625,180.288665536935,96.87707111429263,205.0845108097828,1,-1,-1,-1
30,1,244.3088793618686,170.3026442065902,88.89591610537256,226.1591644361628,1,-1,-1,-1
30,5,309.748744709462,169.292680098431,97.2922385160436,263.8266035882502,1,-1,-1,-1
31,16,2.291465590546089,163.4042668515008,88.89085985646398,256.4497753267759,1,-1,-1,-1
31,14,77.71266973223308,180.8046863199482,95.15035401547235,203.6622587610097,1,-1,-1,-1
31,1,254.484571848295,187.598027831684,79.29842386498849,197.0052998758808,1,-1,-1,-1
31,5,311.5173053184304,160.1572842119147,110.2856019298479,288.4890597935849,1,-1,-1,-1
32,16,6.745985563023382,162.197890133814,95.4039839097107,259.047605470196,1,-1,-1,-1
32,14,72.2312239475462,179.4172211358107,93.9358769282675,202.3582786920714,1,-1,-1,-1
32,1,263.2170859235492,195.3278404490435,75.20796592005915,184.5020234108093,1,-1,-1,-1
32,5,317.744999687835,155.4249126033567,116.9968004285878,295.6696954160532,1,-1,-1,-1
33,16,10.55796007033373,161.4855584226307,101.5890001587518,260.8328525619397,1,-1,-1,-1
33,14,67.14797334674483,179.1695977958546,91.7907756533384,201.3384316263339,1,-1,-1,-1
33,1,257.7424154082426,192.0848146471857,70.33300188458226,176.2033244152761,1,-1,-1,-1
33,5,323.8540876541292,152.3271029110996,124.1350190066391,300.8854553436492,1,-1,-1,-1
34,16,12.04881933574409,162.6487691838151,107.7628783652428,262.5576406468429,1,-1,-1,-1
34,14,59.3751402337256,178.2718043928953,90.58940905181612,202.3848427951002,1,-1,-1,-1
34,1,257.8644576101172,193.0913523510683,68.2055561211622,172.168640728518,1,-1,-1,-1
34,5,330.1948130303135,152.1967865053478,130.9155742014763,304.3771677409037,1,-1,-1,-1
35,16,15.61093886880558,163.5389020604759,112.0475250707703,262.5504345860306,1,-1,-1,-1
35,14,52.74218372983943,177.6493781847534,90.86090878537678,202.9913974847787,1,-1,-1,-1
35,1,260.7607568368248,194.8461439690248,65.67087018214056,167.9055918976082,1,-1,-1,-1
35,5,335.3698287126884,151.35294955808,135.7490569242146,307.4305851249975,1,-1,-1,-1
36,16,22.13362462037679,164.1272120579033,115.3583677414659,261.9410695590421,1,-1,-1,-1
36,1,266.9967255052993,194.8745088045663,62.57124176095509,163.5124301584026,1,-1,-1,-1
36,5,344.9149362928265,151.1396798082079,138.2695270167052,308.390819736935,1,-1,-1,-1
37,16,28.05125519347832,164.6200159235261,117.7286738199194,261.0196309093106,1,-1,-1,-1
37,1,285.8133146476965,204.3697495472191,61.37842199971419,159.6789358262714,1,-1,-1,-1
37,5,352.5511159879694,150.59601814757,139.2679108381933,309.5780763729073,1,-1,-1,-1
38,16,37.01745714504333,165.3493208136971,117.225104436635,259.5914007771919,1,-1,-1,-1
38,1,296.2159292962155,207.8018296292442,62.35401850966287,158.5743949644419,1,-1,-1,-1
38,5,361.6878860526956,150.2624406814353,138.9489882527562,310.1356003934127,1,-1,-1,-1
39,16,45.57401159429522,166.6428984810244,114.5446008450774,256.9432127359215,1,-1,-1,-1
39,1,303.6278790066556,209.5456993490809,63.64581320313918,157.5236040126407,1,-1,-1,-1
39,5,370.6308757835393,150.1987887353267,135.8043560070012,310.091768631254,1,-1,-1,-1
40,16,55.15433078064646,167.2853503027796,113.0064012193421,255.5815758637923,1,-1,-1,-1
40,1,308.0886816473933,210.8572047701209,64.62492995890521,156.2075880893136,1,-1,-1,-1
40,5,381.3072908846761,147.8588255034701,131.9707451819585,310.886865240002,1,-1,-1,-1
41,16,64.3967974965182,166.5339351196202,109.1101151411221,253.6878881311092,1,-1,-1,-1
41,1,311.0724125156905,213.3384476458127,66.23113397864222,155.238192705325,1,-1,-1,-1
41,5,389.6996890636061,146.4389281427487,129.4323013306131,312.2352700379556,1,-1,-1,-1
42,16,76.88379494019711,166.1445691329574,105.4411989037195,252.9481347016043,1,-1,-1,-1
42,1,316.1417426140273,212.756180605541,66.74121111620444,154.1550190495781,1,-1,-1,-1
42,5,401.3357637459548,145.4642214939579,127.7523805824594,312.9639126861884,1,-1,-1,-1
43,16,86.36629405439123,165.9469808825663,102.4020355903655,252.7822990846929,1,-1,-1,-1
43,1,319.4191896279949,214.0324633161985,68.16318999805046,154.4660116000442,1,-1,-1,-1
43,5,411.9882339254855,145.0957839750573,126.3430791695071,313.3510494433702,1,-1,-1,-1
44,19,-6.224019758223598,177.5129064727852,100.4674023562327,222.4206841913258,1,-1,-1,-1
44,16,93.74262022344485,165.7217886093261,101.8028391264435,253.2047786738262,1,-1,-1,-1
44,1,322.615755221109,214.4139341888702,68.5967338443521,154.8339194555224,1,-1,-1,-1
44,5,419.6183116209866,144.465554560901,126.4012635763484,314.7394842525077,1,-1,-1,-1
45,19,-9.013054945690754,182.6276870749804,93.02792256736205,212.3469204539303,1,-1,-1,-1
45,16,103.6993546999704,167.8704867467299,103.3086870250223,252.4525351535759,1,-1,-1,-1
45,1,313.439716515171,205.0991959356691,64.84147475666194,153.7901089123298,1,-1,-1,-1
45,5,430.199801542069,143.7178316945732,127.1597176876032,316.2953438289223,1,-1,-1,-1
46,19,-9.521386057267406,185.5515788151836,87.0023561069215,206.3036258925885,1,-1,-1,-1
46,16,112.8327499287156,169.4557218460606,105.1233731419397,250.5173407680533,1,-1,-1,-1
46,1,327.6318630877573,209.8159189554199,64.48486661870926,152.6840052183488,1,-1,-1,-1
46,5,438.87296036059,143.8660847362105,130.0311296934318,316.0111402386062,1,-1,-1,-1
47,19,-9.051996001388648,186.4869425389143,79.48021790982925,200.3582280207551,1,-1,-1,-1
47,16,119.3195209206427,170.1813090029804,107.5559950934364,249.5685104899639,1,-1,-1,-1
47,1,319.6113759905381,204.1443073441089,62.26804244200594,151.5775384791211,1,-1,-1,-1
47,5,444.9331002599235,144.2788563013358,133.3181740022396,315.2279993695756,1,-1,-1,-1
48,19,-10.68683831196686,188.3327253193484,72.09473465149598,194.9382532516824,1,-1,-1,-1
48,16,124.9136282231221,172.5809549825058,109.9458366710213,248.9470302174547,1,-1,-1,-1
48,1,318.7696972548418,203.4282526444964,60.96889891492398,151.7371579905492,1,-1,-1,-1
48,5,452.3336008910012,146.3441155435049,136.2788295414146,314.7229500737286,1,-1,-1,-1
49,19,-12.5202894494335,194.84943488656,66.67007206391975,180.2704102474232,1,-1,-1,-1
49,16,130.6717616671522,173.6094415671336,111.2840710601699,248.9190153880399,1,-1,-1,-1
49,1,322.0471493201523,202.8516990712272,60.9694429892125,152.5365161668247,1,-1,-1,-1
49,5,460.8797275332859,147.4482083015652,137.7267973292552,314.1022535254658,1,-1,-1,-1
50,16,136.844069303143,173.9098961518615,111.6784327146907,249.0815852668138,1,-1,-1,-1
50,1,325.1666854129662,202.3638669799625,61.33994202666145,153.3409562532266,1,-1,-1,-1
50,5,469.7452344513427,147.7081491504777,138.8148896949909,314.4095284125178,1,-1,-1,-1
51,16,145.6753539878918,174.2486049395614,110.6195794237479,248.9906573215771,1,-1,-1,-1
51,1,328.6414830453747,201.5452694842154,61.07148913117614,154.6745709627945,1,-1,-1,-1
51,5,479.2657137194968,149.5321352804146,138.7258662205505,314.6854669462369,1,-1,-1,-1
52,16,155.5543697269436,174.1999850602859,108.9546105440812,249.033090820321,1,-1,-1,-1
52,1,333.9449515873078,201.2412640304028,60.99090024368676,155.2165889345968,1,-1,-1,-1
52,5,485.3733852954167,148.7716323405216,137.3145531941178,314.0635343233438,1,-1,-1,-1
53,16,165.794441911145,173.6178104155454,107.1957693791745,249.8872391845528,1,-1,-1,-1
53,1,355.9554482680965,207.9499882514526,61.95168791507372,154.708001351206,1,-1,-1,-1
53,5,494.8176900829428,148.0518436202609,134.4271810470387,314.3483881342668,1,-1,-1,-1
54,23,476.6929160625197,202.8924776629923,55.13071949960555,146.998849827602,1,-1,-1,-1
54,16,174.6740992517556,173.3115955784815,104.5498871227497,250.3154900745111,1,-1,-1,-1
54,1,366.3011362349178,211.1353781718926,62.44178290757043,153.5664619468678,1,-1,-1,-1
54,5,505.4834586603081,147.2755293851574,130.8645183896409,315.2550954747585,1,-1,-1,-1
55,23,481.9383521269065,202.0230686022197,57.72324498037121,149.3414977366074,1,-1,-1,-1
55,16,186.0083915289568,172.7491992884709,103.3375779654754,251.1985083433219,1,-1,-1,-1
55,1,373.3297374248994,213.7079680586097,63.84755912795114,153.850319593714,1,-1,-1,-1
55,5,514.960575476383,144.9592896670032,126.1665745512587,315.7961837752642,1,-1,-1,-1
56,23,484.5824612072392,203.4873921475443,59.80051615964891,150.8383685409236,1,-1,-1,-1
56,16,196.3651528727123,172.8400174291188,102.7801759474873,250.7903836152771,1,-1,-1,-1
56,1,377.6444628606232,214.4966660646783,65.00727819142931,154.266568370673,1,-1,-1,-1
56,5,523.7927548216895,143.9281640661543,121.6356301285948,316.3157682618668,1,-1,-1,-1
57,23,489.4364882260664,204.4493522244687,60.94549748607432,150.0608094895431,1,-1,-1,-1
57,16,205.5459175162027,172.7276607581865,103.9902422495026,251.0819740428729,1,-1,-1,-1
57,1,381.7338374442962,213.619426778859,64.15398274768893,153.2561670989102,1,-1,-1,-1
57,5,532.1616333042573,143.2110414422969,117.6807169049673,317.1741537734825,1,-1,-1,-1
58,23,493.1512753886931,205.1251967800699,61.48914454183762,148.8234872506125,1,-1,-1,-1
58,16,215.8655408906691,172.6829465184135,106.7116226737733,251.2791257649613,1,-1,-1,-1
58,1,385.4889491548764,213.1368186945686,63.32853733382633,153.1629008894225,1,-1,-1,-1
58,5,539.9376686975544,142.5956105511916,114.703809927574,318.0095587267743,1,-1,-1,-1
59,23,498.9773146702847,206.2350079327393,60.80083754112076,146.6830197766666,1,-1,-1,-1
59,16,222.4939584715551,174.4045434351747,110.2497950236304,251.87987683905,1,-1,-1,-1
59,1,391.0996421886806,213.0152396038092,62.54791321158108,153.0789093514527,1,-1,-1,-1
59,5,545.4009111042176,142.3677288551949,111.9800864288933,318.433315531293,1,-1,-1,-1
60,23,505.6548234492875,204.7570220306072,59.59054221247082,145.6768918257196,1,-1,-1,-1
60,16,229.8423253428364,175.026035948897,113.6887803628688,252.3237626330027,1,-1,-1,-1
60,1,395.2399424447054,212.4008014908873,62.11936324298762,154.0446984214331,1,-1,-1,-1
60,5,552.4414757968291,141.2949274392918,112.7092405892068,320.5067822002933,1,-1,-1,-1
61,23,512.405757233242,204.0758367179379,58.68477896217235,145.7184249786485,1,-1,-1,-1
61,16,236.5470666391673,176.0732644913448,114.6963328465023,251.1018254606054,1,-1,-1,-1
61,1,380.8335563096683,205.7186439460296,60.59154424342439,154.9035533637214,1,-1,-1,-1
61,5,549.2633052220194,141.6726906046729,108.0907629714222,319.8442988613589,1,-1,-1,-1
62,23,519.341934061754,204.186831460648,57.41472739178498,145.1361154778942,1,-1,-1,-1
62,16,244.8898107229702,178.4205616170721,115.4712245082394,250.3768922420712,1,-1,-1,-1
62,1,374.9349182159576,201.1521532725164,57.95074750759229,156.5485361807163,1,-1,-1,-1
62,5,555.2139770269064,140.6572745316852,108.7575545058097,321.817358028859,1,-1,-1,-1
63,23,526.5668340519693,203.8086423443352,55.93309347233431,145.4048799098284,1,-1,-1,-1
63,16,253.9333713644473,179.62421112059,115.8554722037611,249.5471487173046,1,-1,-1,-1
63,1,379.7949328601368,201.0048376455596,57.6716174016089,157.0110059776019,1,-1,-1,-1
64,23,533.4109819385992,203.8519822386167,54.77218080626825,145.330335935003,1,-1,-1,-1
64,16,263.8089257899216,177.9242810807783,114.7947004808337,249.771233988245,1,-1,-1,-1
64,1,383.5494295767082,200.6807235290266,57.8742753829826,157.6051965542445,1,-1,-1,-1
65,23,537.9785539674931,203.6918904072436,54.69392771446797,145.7941538251216,1,-1,-1,-1
65,16,274.3444793723182,177.1891360104988,112.5475352759262,249.7819979611708,1,-1,-1,-1
65,1,386.9132472794189,200.3675122131773,58.06649351726082,158.2179616687345,1,-1,-1,-1
66,23,544.5638295412571,204.7786545449952,56.83391283835783,146.9034765007052,1,-1,-1,-1
66,16,285.8407398992072,174.9855020355934,108.51104420598,250.0210767521445,1,-1,-1,-1
66,1,389.9589984532872,199.8351885488678,58.72894206118585,159.1631519302668,1,-1,-1,-1
67,23,549.8363684895223,205.1018818519604,59.83949556571235,148.3660547887875,1,-1,-1,-1
67,16,297.2522616254364,173.942165084742,104.7965515265193,250.5353723032669,1,-1,-1,-1
67,1,394.487407319958,199.033876229459,59.9743127765994,160.4275824579342,1,-1,-1,-1
68,23,552.8891072051514,207.0713720571229,62.67160733021213,148.8966896633839,1,-1,-1,-1
68,16,307.8669574759928,174.6070453149466,102.6528718334514,251.8645806116677,1,-1,-1,-1
68,1,398.5192833639349,196.9174086649174,60.04341739287621,160.9880918703035,1,-1,-1,-1
69,23,555.7857740891495,208.3216352994779,64.1065924740204,148.2688826757148,1,-1,-1,-1
69,16,319.2734217051303,174.7186924931331,102.7508996199034,252.7871231609294,1,-1,-1,-1
69,1,425.1036803620152,206.9984146744464,63.19872968321278,160.0000665364263,1,-1,-1,-1
70,23,560.7926577661081,208.9989114301077,64.50469339000082,147.4148954794334,1,-1,-1,-1
70,16,330.7240877886396,175.0715324169779,104.5403381075566,252.3801339091741,1,-1,-1,-1
70,1,417.4600306515676,200.3714375777905,62.32868695209125,160.0425814365177,1,-1,-1,-1
71,23,564.7724495135325,209.4724424676253,64.29702660417836,146.5079206662348,1,-1,-1,-1
71,16,336.3917346017515,175.4283710275737,106.1729247221373,252.0571085527616,1,-1,-1,-1
71,1,438.3768725559709,208.8257972124292,63.43598482279288,158.4511379959465,1,-1,-1,-1
