1,1,425.7048645019531,174.8028564453125,69.8079833984375,152.5767517089844,1,-1,-1,-1
1,2,213.5570373535156,172.5674591064453,83.19332885742188,189.2434234619141,1,-1,-1,-1
1,3,142.0929870605469,183.4696350097656,74.35475158691406,154.1676330566406,1,-1,-1,-1
1,4,44.27618789672852,182.1874847412109,74.73527145385742,182.0765533447266,1,-1,-1,-1
2,1,431.8009414156893,175.326943386642,70.18088800222033,151.5711303345821,1,-1,-1,-1
2,2,145.3778677377266,180.4303492255501,74.2517421832123,160.4209606986178,1,-1,-1,-1
2,3,84.97319834496066,183.0562308692295,75.15919056940155,167.4505323921414,1,-1,-1,-1
2,4,47.89091834049925,183.4414189208889,73.22922591337131,179.4336276877413,1,-1,-1,-1
3,6,227.5829727769249,171.8519873058637,85.69869234121403,190.157723885698,1,-1,-1,-1
3,1,436.6567174048337,174.6645179329446,72.72443438788248,153.1178899223333,1,-1,-1,-1
3,2,86.47841692771678,179.4855175563263,74.26144431187269,166.1321722324456,1,-1,-1,-1
3,3,26.62755249188111,185.6317033158193,78.43699549253425,174.7533010262624,1,-1,-1,-1
3,4,52.40153940472909,181.6678764803582,76.41351265899162,183.0631796759739,1,-1,-1,-1
4,7,154.6578482767183,183.8180513991774,79.58253009784181,153.7511472349372,1,-1,-1,-1
4,6,234.5594008814703,173.2350963617644,85.32718228062068,187.5600943759069,1,-1,-1,-1
4,1,439.9941808758658,174.9562800144615,73.60442968476676,152.8034884044738,1,-1,-1,-1
4,2,51.26795400910309,185.7557848847314,76.05507382382196,169.7176922229353,1,-1,-1,-1
4,4,84.26263079430421,175.3929141610539,75.40447161602256,180.5761409363548,1,-1,-1,-1
5,7,159.5008334553776,184.7939233164756,77.47204773093948,151.1227007607245,1,-1,-1,-1
5,6,235.4207306419297,174.1776307190447,85.35401487239483,185.8142604832232,1,-1,-1,-1
5,1,443.2184035497481,175.1917876177087,73.4930757301626,152.2832855673328,1,-1,-1,-1
5,2,-0.7972289534463286,190.0641730719761,74.009767241859,165.1535692061957,1,-1,-1,-1
5,4,73.42208039746669,180.8162514372558,77.1737328435463,179.3641908797709,1,-1,-1,-1
6,7,169.5298832411433,185.7677208149007,74.7211939995298,148.6484657218865,1,-1,-1,-1
6,6,242.2788404796707,176.1384613138202,86.81987669761273,185.8002499387095,1,-1,-1,-1
6,1,446.3961453124651,175.0880207919524,73.47016255297791,152.3761437392992,1,-1,-1,-1
6,4,71.40057333732761,183.5674029955361,77.92535508067745,177.2859199309572,1,-1,-1,-1
7,7,175.5386124174323,185.0590467232952,72.02557906371716,146.0542499111407,1,-1,-1,-1
7,6,248.5917904527996,174.7663124481242,87.82648460290839,185.7584098188169,1,-1,-1,-1
7,1,451.889548611807,175.6757568189275,72.91769551595718,151.4739211946882,1,-1,-1,-1
7,4,72.8081637870058,184.8663468142111,77.83587126608651,175.9161033156967,1,-1,-1,-1
8,9,-3.500017236863442,181.6972397975748,55.67787735085479,171.6022883158945,1,-1,-1,-1
8,7,183.0234292164031,185.4201876715048,68.5812506350952,143.5399416316938,1,-1,-1,-1
8,6,252.8404111833288,174.2112725705752,87.88697874319318,186.0953074375966,1,-1,-1,-1
8,1,456.852535147604,176.0867230043962,70.99653926183093,149.9846260407098,1,-1,-1,-1
8,4,79.84468226745491,185.7882894107399,77.23213419242815,174.460222156571,1,-1,-1,-1
9,9,-3.912192163013163,179.6727622131974,57.28318333195917,174.9268410908382,1,-1,-1,-1
9,7,190.6116458622936,185.3738797465014,65.87387307105344,142.923214424069,1,-1,-1,-1
9,6,258.8676992601447,174.3222711156718,86.91443083680019,185.1682574181553,1,-1,-1,-1
9,1,463.1918143389856,176.5095718856924,69.08809207326865,148.9451819204451,1,-1,-1,-1
9,4,88.60393409104107,186.2602972873639,77.13857128670398,173.5937443073397,1,-1,-1,-1
10,9,-4.777711777242949,178.2993572873362,59.36893797495358,177.7135347576856,1,-1,-1,-1
10,7,197.2688699201304,184.6024528966287,65.19013172600437,144.4561045906001,1,-1,-1,-1
10,6,263.2946818483043,174.1814767903023,85.93983720718791,184.9473612469142,1,-1,-1,-1
10,1,468.5362307625699,176.9390400997336,66.48865721840828,147.7281453045144,1,-1,-1,-1
10,4,96.3901576993386,184.788774246458,76.11643282913157,172.5506739097301,1,-1,-1,-1
11,9,-3.696434305542553,176.7485368448948,61.94435199118845,180.5528803175081,1,-1,-1,-1
11,7,203.5233823940521,184.0927413398971,65.1658031927745,145.6789237030146,1,-1,-1,-1
11,6,263.5356326592808,173.7929452472205,83.55819152520621,182.1124957391908,1,-1,-1,-1
11,1,473.2789561490388,177.2401064580253,64.04360765468367,146.8417955322044,1,-1,-1,-1
11,4,102.3212692764358,184.866006129821,73.54310365327234,170.6720686931208,1,-1,-1,-1
12,9,-3.964168782251313,175.6533965168813,64.18521818232014,182.4951088968653,1,-1,-1,-1
12,7,209.6666295859853,183.5791610111845,65.30928612969871,146.656586898377,1,-1,-1,-1
12,6,271.1721190175283,171.6396820471617,84.0657620137254,184.349124024072,1,-1,-1,-1
12,1,481.0518404849289,175.5420614315078,62.9138256601468,147.3424323749762,1,-1,-1,-1
12,4,107.6021549512253,182.3167859344445,73.9712984414647,171.4473844642741,1,-1,-1,-1
13,9,-2.312675942872559,175.0605138357614,65.4591369292968,183.6123146838358,1,-1,-1,-1
13,7,217.2578894277406,182.958655722236,66.9795827969447,148.6069065523418,1,-1,-1,-1
13,6,281.0477692475494,171.1115457663411,82.64157279718404,184.7420581047046,1,-1,-1,-1
13,1,485.9079557700613,174.5998299387754,62.70491300426786,148.125355054148,1,-1,-1,-1
13,4,112.0124152058355,181.2342033940775,73.3825728126633,171.9991682567206,1,-1,-1,-1
14,9,-2.609834204043597,174.3968457014993,67.81861043817003,184.8783504073749,1,-1,-1,-1
14,7,222.8128146357788,181.2058180476863,70.29251652652242,152.3725455459773,1,-1,-1,-1
14,6,288.7555695126827,170.7700334902726,82.00745965916119,185.2482303828383,1,-1,-1,-1
14,1,491.6281815590597,175.2950979161299,62.84214642936297,149.0938096452903,1,-1,-1,-1
14,4,119.6216136787454,181.7487288426415,73.2910283663682,173.9589379598231,1,-1,-1,-1
15,9,0.7190849815969358,174.1948743978814,70.03972074351127,185.2917678323218,1,-1,-1,-1
15,7,228.0015954090612,180.6582222541482,72.97255331768804,153.4132785513114,1,-1,-1,-1
15,6,297.9427027433342,171.1542371259827,81.38321058544422,184.746439157387,1,-1,-1,-1
15,1,497.3631181990578,175.3874136626354,63.86154437915681,149.7851279698284,1,-1,-1,-1
15,4,125.4629014968334,181.6610086272628,73.07928368576189,173.4563542114714,1,-1,-1,-1
16,9,5.409074264654159,174.1862118570031,72.40762665219104,185.2601748146949,1,-1,-1,-1
16,7,231.4319013963258,180.4118462102156,74.95331649757871,153.7564080747748,1,-1,-1,-1
16,6,303.9776169307898,171.1702039786518,81.0884558529912,184.0773221877596,1,-1,-1,-1
16,1,502.6947929108259,175.3678129047956,65.8001302832798,150.3982354181624,1,-1,-1,-1
16,4,134.1051884999458,179.1216041393074,75.76014575741056,176.2609098387246,1,-1,-1,-1
17,9,8.18691905894336,173.8362850185606,75.33416457424227,185.8884424409235,1,-1,-1,-1
17,7,234.8729968752671,180.2964507327426,75.31441402176182,153.6372344016881,1,-1,-1,-1
17,1,505.9725346048809,175.1282792457457,67.8384853541893,151.2363122618979,1,-1,-1,-1
17,4,140.0356868892578,177.9103994499845,77.71547186898913,177.7773257083424,1,-1,-1,-1
18,9,12.5828983238063,174.0210278130568,77.73820989209536,185.6956110963655,1,-1,-1,-1
18,7,240.4896793453528,180.4215034912265,74.61145769290192,153.0021298771299,1,-1,-1,-1
18,1,508.7334423584614,174.9699120472089,69.26423142120846,151.9285699375598,1,-1,-1,-1
18,4,144.0571293329609,177.8670593829035,78.78646625871507,177.6588714473449,1,-1,-1,-1
19,11,317.8666174622244,171.1247098180642,88.26108603169465,185.2371040788042,1,-1,-1,-1
19,9,14.94137968060212,172.4269674068593,79.03360710759057,188.7899655698968,1,-1,-1,-1
19,7,247.3808982813805,179.4673566505556,72.699147800663,151.6291479103656,1,-1,-1,-1
19,1,511.3427369920803,174.7565720734877,70.48821087185169,152.6017398390197,1,-1,-1,-1
19,4,149.5376129470031,178.2799507341943,79.23093622708481,176.839141488754,1,-1,-1,-1
20,11,324.0934130026295,170.5255354562032,89.63869543556736,186.1600161963094,1,-1,-1,-1
20,9,18.6624488202207,174.3929296498008,80.3168303778329,184.9426812221315,1,-1,-1,-1
20,7,254.5974405231428,179.65670183277,70.25446187985656,150.1024493472212,1,-1,-1,-1
20,1,514.0851996467021,174.5545423235217,71.2967020291223,153.0831713698946,1,-1,-1,-1
20,4,157.8666732780988,181.4290491444721,78.63286840159068,174.9272469477226,1,-1,-1,-1
21,11,330.7916212052198,170.8876267780968,88.93333682815705,185.2032674022726,1,-1,-1,-1
21,9,21.63818598799089,175.4795752015021,81.11868390516328,182.8686025146623,1,-1,-1,-1
21,7,260.2308148919291,179.8500946325856,67.72955998346207,149.2882248211979,1,-1,-1,-1
21,1,519.2864096746918,174.6644724395699,70.90879696119319,152.9988155246528,1,-1,-1,-1
21,4,163.2633055791822,182.8842123729994,78.04117989119385,173.6962224834392,1,-1,-1,-1
22,11,335.1721592021066,171.8999406604834,87.58641595351331,182.9067291070743,1,-1,-1,-1
22,9,22.20724092773743,175.7207960408608,82.36014563135609,182.2432851040613,1,-1,-1,-1
22,7,266.6459277191975,179.3720465540408,66.21615053561867,149.755450728692,1,-1,-1,-1
22,1,523.5449708589138,174.481461300468,70.38158573299461,152.9884953482055,1,-1,-1,-1
22,4,169.2650916885147,182.9762325600312,77.72374042782722,174.0041887017849,1,-1,-1,-1
23,11,338.5152545194123,169.3690002241499,87.47891876686229,184.2578642911701,1,-1,-1,-1
23,9,22.48210585570045,175.8702629057009,82.84861994041728,181.8109231782803,1,-1,-1,-1
23,7,273.288551356469,181.4679434272308,64.65810618645105,149.0891445648527,1,-1,-1,-1
23,1,529.5518670507876,174.4645478870893,69.10959463156526,152.7358138253798,1,-1,-1,-1
23,4,175.9487373729581,183.412379378785,76.71977294394397,172.9158608217825,1,-1,-1,-1
24,11,343.8973965147019,168.137698411148,87.38095999450094,185.3957112537331,1,-1,-1,-1
24,9,26.7376221359782,175.9225859909944,82.54807940667538,181.5271451235533,1,-1,-1,-1
24,7,279.9560586801752,179.7342760961592,64.09377941880011,149.9593254381168,1,-1,-1,-1
24,1,534.3599358615585,172.9080591434556,67.61574935451026,152.8032169668725,1,-1,-1,-1
24,4,183.0674487928525,182.395281553922,74.60809770913265,171.2245623627456,1,-1,-1,-1
25,11,350.8884534098545,168.0441061209281,85.51114997218421,184.5726353178385,1,-1,-1,-1
25,9,32.41482560409639,175.9869528097709,82.38267110184134,181.1156291139964,1,-1,-1,-1
25,7,286.1690555219083,179.1085047132458,64.1190394192536,150.0095732612699,1,-1,-1,-1
25,1,540.2745419930108,172.002548872855,66.44994352225781,153.3545568313026,1,-1,-1,-1
25,4,177.2377737811973,178.7194980157901,74.13816398659323,172.6644451769056,1,-1,-1,-1
26,11,360.3317683135757,168.1925625529406,83.52823885592912,183.7784362327726,1,-1,-1,-1
26,9,39.0721717679137,176.6361473787299,81.37272909533172,179.8492428813257,1,-1,-1,-1
26,7,293.5869133951687,180.2650600038988,65.81096665644961,151.2103503250186,1,-1,-1,-1
26,1,545.149903460677,171.3599514981346,64.86939566660676,154.1630925982464,1,-1,-1,-1
26,4,176.7221868569516,176.9447030802999,74.2811864000639,174.2536844969405,1,-1,-1,-1
27,11,368.6040229122951,168.7766985639064,81.50676591816963,183.1438570112311,1,-1,-1,-1
27,9,46.5964911955222,177.699745263841,78.93992496177127,177.6422830328388,1,-1,-1,-1
27,7,299.4871796120084,180.7507720640538,68.02928538275441,152.2681620046064,1,-1,-1,-1
27,1,551.398274813732,172.9834112620142,63.11938215029206,153.8695714107158,1,-1,-1,-1
27,4,178.5287634049606,176.0439809541081,73.99690809565925,175.2308351449842,1,-1,-1,-1
28,11,376.9102809010025,168.6540306113937,82.27455597799826,183.906097083102,1,-1,-1,-1
28,9,51.95539641683604,176.7889363173642,77.11186292790683,176.1637513372737,1,-1,-1,-1
28,7,303.1724474177092,181.6800434877154,69.61307220409877,151.1674384051486,1,-1,-1,-1
28,1,555.1459952443113,173.216435329166,63.72255072197372,154.6331678814344,1,-1,-1,-1
28,4,197.8055772877847,178.006091147328,73.92486593282202,174.8581661244396,1,-1,-1,-1
29,12,9.924237714242992,180.4488209296737,70.06784643434167,172.3428754968315,1,-1,-1,-1
29,11,383.3069328044089,170.1428938175707,83.99405201334359,184.0847293051418,1,-1,-1,-1
29,9,58.24050384761254,176.7411632485957,75.77695866398531,174.9195247387283,1,-1,-1,-1
29,7,308.1362099134688,181.5612921085093,71.2533324447855,151.0702796741319,1,-1,-1,-1
29,1,558.6542067694519,173.5520344756297,63.8461091183711,154.2718664863375,1,-1,-1,-1
29,4,208.765942833303,179.0946344889398,74.09380896291385,174.3775247289441,1,-1,-1,-1
30,12,10.07179004902093,174.2045324206424,79.55772544961117,185.4265842750627,1,-1,-1,-1
30,11,391.2953639947429,170.8435652350086,85.57548439526445,183.7669928839512,1,-1,-1,-1
30,9,62.8646664504009,178.2067092576709,75.03092966499734,174.850909895684,1,-1,-1,-1
30,7,313.5677921286407,181.4560011080019,72.39180912107739,151.0451333927415,1,-1,-1,-1
30,1,561.3245878545424,173.4536869601916,64.86060437980773,154.9989513757333,1,-1,-1,-1
30,4,214.8396449807225,179.8469023144227,74.54613928803403,173.8365934233246,1,-1,-1,-1
31,12,15.82586201793762,175.2374979707109,80.18464025264089,182.9436148620259,1,-1,-1,-1
31,11,394.5407098728948,171.8786564031402,85.15826845235132,182.5681282166862,1,-1,-1,-1
31,9,68.82177801538793,179.0705025935954,74.13440662152605,174.1691188717011,1,-1,-1,-1
31,7,320.2696592577569,180.1967110286773,71.38094860321479,150.3610382676477,1,-1,-1,-1
31,1,564.4802483678058,173.5312504770983,64.71482825703814,155.250663388586,1,-1,-1,-1
31,4,218.7155749330142,180.2371020125413,75.10609646478818,173.359744821059,1,-1,-1,-1
32,12,20.27787703871218,174.5991664398827,79.0249491168651,179.8659749444359,1,-1,-1,-1
32,11,398.8235729759409,170.0710950271702,86.69239146692915,183.022626330551,1,-1,-1,-1
32,9,74.98521050294273,177.9055407734135,74.03030308709785,173.6538448451396,1,-1,-1,-1
32,7,325.1300952218312,179.49308621837,70.56549587265138,150.2783043497173,1,-1,-1,-1
32,1,568.7927873660799,173.6943042623447,64.63626402530123,155.062188051105,1,-1,-1,-1
32,4,210.1778920824037,175.2096387101083,74.21653149724236,174.8083391388829,1,-1,-1,-1
33,12,25.77682866964393,174.1126158409499,79.29284574244242,179.1080904127315,1,-1,-1,-1
33,11,404.2416258519366,169.6167087459519,87.57364371343937,182.7824121049442,1,-1,-1,-1
33,9,80.3063382112496,177.5223438302585,75.7657397656146,173.3413218468377,1,-1,-1,-1
33,7,331.1311255293516,179.1327153176309,69.55507492138011,149.9436064144781,1,-1,-1,-1
33,1,577.1100681000951,173.0128134451336,66.57084857975033,170.4099332676428,1,-1,-1,-1
33,4,208.7546683292281,172.6714832921023,74.12679779940844,176.3958633780193,1,-1,-1,-1
34,12,29.90368558832567,174.0215140139375,78.87574047257516,178.4645233812394,1,-1,-1,-1
34,11,410.1455690733769,169.2715827966795,88.03697615293132,182.8629950978502,1,-1,-1,-1
34,9,83.82005579408182,177.6773595635751,77.39474221645202,172.6197364306328,1,-1,-1,-1
34,7,337.7786317135555,179.1238621951789,68.32520391346036,149.8534899010579,1,-1,-1,-1
34,1,581.7892625242602,173.6051398947388,66.6342097814516,170.5721270564262,1,-1,-1,-1
34,4,212.2546978542849,171.676760674244,73.71545409295524,177.3433322090269,1,-1,-1,-1
35,12,11.53049827741592,179.3617999973519,73.29555390732644,168.2523005026119,1,-1,-1,-1
35,11,415.741764169691,168.6649091938424,89.26848234589808,183.4479103531978,1,-1,-1,-1
35,9,54.48464576915568,174.9158975244739,77.18064413931998,173.6371789207543,1,-1,-1,-1
35,7,344.6275519874328,178.8517964057396,66.89080413562502,150.2175763293213,1,-1,-1,-1
35,1,573.4368821464781,165.5431872081147,71.10402282077857,185.1372361991734,1,-1,-1,-1
35,4,214.6429421313379,170.1835076985512,71.51666852141693,176.2581661177535,1,-1,-1,-1
36,12,4.602163425630987,187.7629217697443,63.39333207243649,151.9528146287726,1,-1,-1,-1
36,11,421.7668469223089,168.07284488301,89.7317334437366,184.2733229970204,1,-1,-1,-1
36,9,46.95838126141713,174.3352288768917,74.22822819664805,173.0222318574883,1,-1,-1,-1
36,7,349.4224931879642,178.5705290170235,66.26382006192534,150.6899816815518,1,-1,-1,-1
36,1,566.3889351750627,160.3248341575901,75.18248976498042,195.0078945173674,1,-1,-1,-1
36,4,219.5777104663603,171.2598472981614,70.40590254239386,176.3749909796962,1,-1,-1,-1
37,12,7.501576603320139,184.8570139445023,65.53456246160172,157.4486580317048,1,-1,-1,-1
37,11,420.7989037308908,168.496599617051,87.78718458253569,183.322411893977,1,-1,-1,-1
37,9,48.58186408524994,172.5191245318855,71.94011173845071,172.3856497605896,1,-1,-1,-1
37,7,354.9873183803803,178.3700194596534,66.28673260257966,151.214490724514,1,-1,-1,-1
37,1,559.1105744028464,157.7052007994625,77.64691231531505,199.8878322146748,1,-1,-1,-1
37,4,223.3267788111647,170.1861452496068,70.10313677360332,176.0497860583501,1,-1,-1,-1
38,12,10.3385029498586,185.855125692767,63.98021997040284,155.2944550013481,1,-1,-1,-1
38,11,435.4170809679221,168.3651606263848,85.72293842369967,183.4074476119249,1,-1,-1,-1
38,9,54.15553379138036,173.3734987238814,69.58468540309622,172.7741767719602,1,-1,-1,-1
38,7,362.8465366500761,178.6550195647821,66.27475230234876,150.1800823519519,1,-1,-1,-1
38,1,546.852312864646,156.1448589715226,80.96519780295739,202.8489071696217,1,-1,-1,-1
38,4,226.9652069988036,171.5363325164199,69.45292913745207,175.9020421032425,1,-1,-1,-1
39,12,13.80924412726404,186.3704217413404,62.76265383767091,154.1271613234779,1,-1,-1,-1
39,11,436.6147828353028,168.2342477390911,84.72190403742195,183.6640894019326,1,-1,-1,-1
39,9,59.00953235335829,173.8556646592216,67.60066359047194,173.2118376268109,1,-1,-1,-1
39,7,369.0965889980829,178.8522613245281,67.78185302749108,150.3278956204106,1,-1,-1,-1
39,1,535.0061165940793,155.7509609441258,84.14864364429774,204.025450438968,1,-1,-1,-1
39,4,228.6948227993743,172.2766916208997,68.64774170496962,175.6706336144821,1,-1,-1,-1
40,12,16.99491541756921,186.0520311172235,62.41623942966929,154.5533506835366,1,-1,-1,-1
40,11,445.9203018897826,168.0292561891171,83.04639673815932,183.9797720444257,1,-1,-1,-1
40,9,64.26953485325876,173.7590929997614,67.6803965868249,173.9627759959841,1,-1,-1,-1
40,7,374.5203975558986,180.452886784835,70.20085292907216,151.0180157374713,1,-1,-1,-1
40,1,525.115352022969,157.2337675759658,87.96790512269557,204.4393158038546,1,-1,-1,-1
40,4,233.5613282005271,172.6962291078229,67.81647500929836,175.2247619175598,1,-1,-1,-1
41,12,20.21079145231315,185.8509826119368,62.24077824251883,155.2373609219133,1,-1,-1,-1
41,11,451.5055784082703,168.2906228575453,82.18330894685268,183.9087875942811,1,-1,-1,-1
41,9,69.77064428902251,173.7303700052635,68.92194116524263,174.0422174749737,1,-1,-1,-1
41,7,379.8057319560669,179.5224844951463,72.34318234661352,151.0302764493667,1,-1,-1,-1
41,1,518.454865551999,158.0885655281388,91.03808506770298,204.3040514724994,1,-1,-1,-1
41,4,238.7613960402867,172.6721928275803,68.58433032602504,175.4978237030678,1,-1,-1,-1
42,12,23.22618441830699,185.9681994676903,62.88275704330344,155.6272676552896,1,-1,-1,-1
42,11,457.4097253460083,168.1002305823054,81.94360086622422,184.7458705722644,1,-1,-1,-1
42,9,74.83846643078527,174.7301133277777,71.61875867011462,174.962582540437,1,-1,-1,-1
42,7,383.4273947304478,179.1869926491733,73.75907394788273,151.0550294794267,1,-1,-1,-1
42,1,511.3159768164467,158.2040373976528,93.3277496793301,204.673979233852,1,-1,-1,-1
42,4,286.6937013893847,176.6997888731294,69.86480369830031,171.3061562824044,1,-1,-1,-1
43,12,26.08248476040616,187.6548607809087,63.60796063322558,155.8258273997002,1,-1,-1,-1
43,11,460.4133231188083,168.2166679254218,79.84467249753723,184.1423404791014,1,-1,-1,-1
43,9,79.97596397157218,175.26287473393,74.2973530837813,175.1237136208102,1,-1,-1,-1
43,7,388.6373672976402,179.2222008826884,74.33329970861845,150.7652543900615,1,-1,-1,-1
43,1,506.3323537890719,158.0413771505336,94.65418729106918,205.243812283919,1,-1,-1,-1
43,4,292.7233895431765,177.4010435863258,70.51371390654147,171.1126446621931,1,-1,-1,-1
44,12,29.01931698184733,188.4433264110537,64.48841840941317,155.7036079134944,1,-1,-1,-1
44,11,463.6761409832811,166.4897720248052,78.52848364654299,183.8196227985289,1,-1,-1,-1
44,9,83.78546353467253,174.0275777752519,75.60951589333101,175.0670830904871,1,-1,-1,-1
44,7,392.7596710829055,179.4878418011609,74.1084046672899,150.2107062521957,1,-1,-1,-1
44,1,504.2642548939775,157.9055025236048,95.19733184632275,206.4215421058306,1,-1,-1,-1
44,4,300.6776229922558,178.540105221183,71.37881040447571,169.3926146332989,1,-1,-1,-1
45,12,30.455080394641,189.2786644559136,64.33692188316432,154.8600634900074,1,-1,-1,-1
45,11,472.0481310500098,164.2257843841546,79.97456410788426,186.5144389259893,1,-1,-1,-1
45,9,86.96619794186546,173.2283739968449,76.73990598778244,175.6945338481341,1,-1,-1,-1
45,7,398.7019476028212,179.4233763380016,73.03416680913078,149.7836518209818,1,-1,-1,-1
45,4,306.9182679772662,179.287470628734,72.97888732644279,168.2076523064797,1,-1,-1,-1
46,12,32.75598184697443,189.5786138829656,64.51432724901208,154.4497879620495,1,-1,-1,-1
46,11,485.0542235480443,164.6721481122909,81.25587558737192,189.1924712089001,1,-1,-1,-1
46,9,90.15946665910909,172.7323732100486,77.00538029057579,176.0472534544982,1,-1,-1,-1
46,7,405.6265450404939,179.5247014116603,71.02046341819704,149.1056601471002,1,-1,-1,-1
46,4,312.9073934707984,180.0518451368219,74.1361219469198,167.232027343702,1,-1,-1,-1
47,12,35.41174127678052,189.4472956023717,64.9378300148462,154.6233499878853,1,-1,-1,-1
47,11,491.4031873535955,164.651154505795,81.16373703154866,188.9779400018481,1,-1,-1,-1
47,9,95.6712082930425,172.3900822437347,76.54217599005703,176.2114004626298,1,-1,-1,-1
47,7,411.2246803195326,179.5878269942831,68.48647746248844,148.7818896117053,1,-1,-1,-1
47,4,318.7922385849962,180.2721819593602,74.98188462037953,166.863638172005,1,-1,-1,-1
48,12,38.10464424689003,188.6938305225666,65.76173445377107,155.7149687259824,1,-1,-1,-1
48,11,506.7568734548804,166.2172681247273,79.58405187381487,187.8982500349102,1,-1,-1,-1
48,9,102.3504485546489,172.1250870612056,75.13409438338172,176.0709089640584,1,-1,-1,-1
48,7,416.4258871683335,180.2738566295725,65.25393894932498,148.0595802191547,1,-1,-1,-1
48,4,325.0475278375154,180.5151219885961,74.96654507236568,166.1261162590922,1,-1,-1,-1
49,12,41.46826990259439,186.6624157843938,65.5611620002982,156.1093834603879,1,-1,-1,-1
49,11,512.4570234224565,166.5905939050637,80.29793540285323,187.6188597390917,1,-1,-1,-1
49,9,109.7848064221327,170.882124280523,72.7448313074219,174.5587790630821,1,-1,-1,-1
49,7,423.2712169410525,180.0401186321491,62.42865557371159,148.340210044497,1,-1,-1,-1
49,4,329.6839656775124,180.4994303156018,74.29746275247602,165.9163492490883,1,-1,-1,-1
50,12,44.62423040866994,184.8853067246694,65.67179085803441,157.6489258582991,1,-1,-1,-1
50,11,518.7353213617012,166.2334808142385,80.1508056729823,187.8999933511949,1,-1,-1,-1
50,9,117.4042817196527,170.6293281716473,70.46620332710177,173.7977768802476,1,-1,-1,-1
50,7,447.7762158507102,172.2550813958935,70.47815736576581,167.8541858031768,1,-1,-1,-1
50,4,335.5800378359057,180.3120222990461,73.53196914738463,166.0948410604662,1,-1,-1,-1
51,12,46.04762399295841,182.6219466459359,65.5384291334983,158.4709038841233,1,-1,-1,-1
51,11,522.6892319963353,164.508449720043,80.49156483376598,188.0221061318637,1,-1,-1,-1
51,9,125.1656821453615,170.7269255687873,67.81342477818774,172.8419916885978,1,-1,-1,-1
51,7,449.1859074097866,167.3679902392013,76.53638702013333,179.3195053878589,1,-1,-1,-1
51,4,340.0598109016827,178.7268665302696,72.57357680539867,166.1249211298823,1,-1,-1,-1
52,12,48.34118849500323,181.3896752098677,66.06071884270365,159.5021543346507,1,-1,-1,-1
52,11,526.1597963172705,163.9922717408725,80.50023747326914,187.9026076294522,1,-1,-1,-1
52,9,130.5571878789068,170.714377861649,65.78021212852371,173.0469147510392,1,-1,-1,-1
52,7,439.5050979704465,164.0605589868485,82.1801376302262,186.4864791704109,1,-1,-1,-1
52,4,346.2963173732881,177.7958171783972,70.95283483052512,166.4910952864047,1,-1,-1,-1
53,12,52.90048583416883,181.7638857710942,66.38038147034658,160.9646832841326,1,-1,-1,-1
53,11,531.0350974762248,165.2729009315369,80.9438663108329,188.0757720785818,1,-1,-1,-1
53,9,134.7900511659016,170.4984303897308,64.7268526396104,173.1881050667071,1,-1,-1,-1
53,7,445.3380973725692,163.9808418583521,82.42446473010753,187.0409160688717,1,-1,-1,-1
53,4,353.1895585490408,176.9053905703973,69.22324737658701,167.2285953381506,1,-1,-1,-1
54,12,56.62946403331067,181.7670777523351,66.49019036375648,161.9406395077448,1,-1,-1,-1
54,11,536.4398184957056,165.6987362700494,82.01488948756342,188.6146120456239,1,-1,-1,-1
54,9,139.4937442869233,170.2576958655853,65.96568484904337,173.4742220578269,1,-1,-1,-1
54,7,427.0608542720547,163.9349544511844,86.61080032503884,191.5853234209494,1,-1,-1,-1
54,4,360.0781063304412,174.6392248784538,67.78647670342794,168.0773849616666,1,-1,-1,-1
55,12,60.01650629852524,182.0930445905613,66.63849722650139,162.2358593943525,1,-1,-1,-1
55,11,543.7673429900067,165.9815634402365,83.63732379743881,188.9398725833562,1,-1,-1,-1
55,9,144.5974505390817,170.356502602767,67.4024904864486,173.6030849971942,1,-1,-1,-1
55,7,418.6122118323084,162.7253270312622,88.89927908852563,195.1471279729105,1,-1,-1,-1
55,4,365.1290859383372,173.4812520738135,66.66272343625894,168.8778582665334,1,-1,-1,-1
56,12,63.35388679981986,182.6735750667958,66.60943349045201,161.9389077882504,1,-1,-1,-1
56,11,548.3873352726903,166.7682512615077,84.3846050097069,187.8021914583378,1,-1,-1,-1
56,9,148.2066891513533,170.7266629120098,68.92556965518851,173.3005618523957,1,-1,-1,-1
56,7,413.7918943514219,162.2111798626082,88.96938365470101,196.3656554445506,1,-1,-1,-1
56,4,370.9328713021628,173.211574374456,65.97652110062133,168.8432052357645,1,-1,-1,-1
57,12,64.68050112210705,184.8355026998494,66.87635800110083,161.3270136278855,1,-1,-1,-1
57,11,551.8860358494788,167.3042087929212,84.797452700146,186.9203466884003,1,-1,-1,-1
57,9,151.2201414932457,170.9353196997987,70.06689782051203,172.906031904059,1,-1,-1,-1
57,7,447.2858047117581,164.108455520357,84.04966102256073,184.4126569877338,1,-1,-1,-1
57,4,396.9244317015892,168.1390227147937,71.39123186283511,178.360463633025,1,-1,-1,-1
58,12,67.14643864590931,185.9089185126497,67.05218192957057,160.7715275190131,1,-1,-1,-1
58,11,555.2178432176645,167.6928437670439,84.76694634750109,185.9516373950302,1,-1,-1,-1
58,9,155.8123205219131,171.225545663223,71.20520692571745,172.5765181053313,1,-1,-1,-1
58,7,462.7725299208908,166.6709351156844,80.36552917824415,176.435022414995,1,-1,-1,-1
58,4,324.4990180542636,171.2879754556445,70.87922385942485,172.0406895525231,1,-1,-1,-1
59,12,69.94197998692746,186.2142966774575,67.30027224272855,160.5660096946069,1,-1,-1,-1
59,11,562.7548398625285,168.0284775573479,84.22867873336867,185.2176993727199,1,-1,-1,-1
59,9,159.3662842250223,170.6156695054485,72.08584216867364,173.2956771308678,1,-1,-1,-1
59,7,409.873531416998,161.6830189701641,82.53875729970679,190.0386129777162,1,-1,-1,-1
59,4,318.2275759990119,170.0579773765463,74.66083736182428,174.227381250597,1,-1,-1,-1
60,12,74.99635360862868,186.015386914136,67.11974508478475,160.76098884403,1,-1,-1,-1
60,11,568.170711181574,168.0871908736931,82.94257260194655,184.951590821006,1,-1,-1,-1
60,9,164.2071276461799,170.2068337178719,73.27258552825394,173.8966639424216,1,-1,-1,-1
60,7,395.4480472956256,160.7242289042881,83.06542189281893,192.4534440017229,1,-1,-1,-1
60,4,323.051247953604,169.3768726525441,74.95883808068295,175.4423520466461,1,-1,-1,-1
61,16,494.4413970487059,174.685531682457,63.39862513643047,153.7167246100506,1,-1,-1,-1
61,12,78.998846526953,184.2095331918408,67.01718766427605,161.2638938056908,1,-1,-1,-1
61,11,572.2842644907248,167.8711292783343,81.65063456382416,184.9078884206715,1,-1,-1,-1
61,9,169.7921946342479,169.9043103827462,74.05091925946878,174.2585118418498,1,-1,-1,-1
61,7,380.2819892912029,159.7527150373187,81.91310899489007,195.0672055844977,1,-1,-1,-1
61,4,327.5621916018769,169.196918207208,73.7114519942667,175.6346102866723,1,-1,-1,-1
62,16,501.5486194869578,174.2983940803641,62.6707302554595,153.868880728759,1,-1,-1,-1
62,12,84.40460425098519,182.8070254620326,66.89817479850024,162.2497588242863,1,-1,-1,-1
62,11,577.9209665549383,167.9653451386219,81.57296362574478,184.7319930436345,1,-1,-1,-1
62,9,176.179151366021,168.4445672704927,73.92206178989569,173.8177079659879,1,-1,-1,-1
62,7,370.7941349649782,159.2483523472912,80.79537779752309,196.4835233028355,1,-1,-1,-1
62,4,332.3439589939454,167.6391673931589,71.44676729143393,175.3630869607097,1,-1,-1,-1
63,16,507.3603138210602,174.1239310568494,63.67282394626777,154.6090511175156,1,-1,-1,-1
63,12,88.22844703019911,181.6175260786399,67.70069461852795,163.7493298851745,1,-1,-1,-1
63,11,577.8812972431106,165.8889382900109,78.47602306775012,184.5990378832631,1,-1,-1,-1
63,9,183.2174708059863,167.8734689598701,72.64215013845221,173.0706414413346,1,-1,-1,-1
63,7,408.4147001275146,168.7496735457174,77.76844496989644,183.553567101321,1,-1,-1,-1
63,4,352.7821165210227,167.2487911256563,74.37927238616884,182.3014823713731,1,-1,-1,-1
64,16,512.8646318145261,173.623451286136,65.34085666174752,155.2363850807375,1,-1,-1,-1
64,12,91.65071573823948,180.8998647816153,68.21489429308119,165.1129798508944,1,-1,-1,-1
64,11,582.911655507563,165.843820941577,78.36074887800739,184.3278785700433,1,-1,-1,-1
64,9,190.6776380415252,166.560992401026,70.33140686773457,171.7282790336803,1,-1,-1,-1
64,7,415.3961286839992,170.1708086080257,77.14570966607246,180.9601085234814,1,-1,-1,-1
64,4,357.7840868792663,166.8385026195065,76.7788550561379,185.6788991428102,1,-1,-1,-1
65,16,520.129520144674,175.1848090958979,68.26649465526803,156.0848433060779,1,-1,-1,-1
65,12,96.18079524562926,180.5081197324651,69.60045594995066,166.2432473318225,1,-1,-1,-1
65,9,196.3177403137692,166.3331556708312,67.89273100878803,170.6576144596591,1,-1,-1,-1
65,7,420.5403351501428,170.6888750116934,76.05405822420722,179.5444369085212,1,-1,-1,-1
65,4,354.5347731568391,168.5326581482217,79.5305495330695,187.1092852027667,1,-1,-1,-1
66,16,523.8380954051111,175.8172845827978,70.74787324574027,156.4181892886509,1,-1,-1,-1
66,12,101.1341045853414,180.5337753119235,71.39025945912159,166.56639056312,1,-1,-1,-1
66,9,200.838595083803,167.9289712624036,66.37711974667208,170.3350523566999,1,-1,-1,-1
66,7,427.0318278967422,169.4018962467304,74.82663488281044,178.6517681305799,1,-1,-1,-1
66,4,345.905770951663,168.4200864606562,82.6650360586175,189.2834691613679,1,-1,-1,-1
67,16,528.2139174523788,176.0168529759666,73.58251250255401,156.8932279685635,1,-1,-1,-1
67,12,104.5629420399394,180.7695094720014,73.42304681443098,166.3640795051677,1,-1,-1,-1
67,9,206.4686828915557,168.3295770781633,65.6529805908267,170.2534258532743,1,-1,-1,-1
67,7,434.3832506923023,170.3954723654288,73.03327076546422,178.6751341519738,1,-1,-1,-1
67,4,334.2248709076152,167.6707224235471,83.74184127566453,191.3444742084614,1,-1,-1,-1
68,16,531.3941121610202,176.5939959910466,74.94762644640657,156.0363949959483,1,-1,-1,-1
68,12,108.9880835976269,181.0511054800691,75.48100480583489,165.9650812488836,1,-1,-1,-1
68,9,210.1776848279049,168.8368427269019,65.69490608256372,170.1245104233905,1,-1,-1,-1
68,7,441.3570252289441,170.8528311605401,71.67518069013327,178.5269648913565,1,-1,-1,-1
68,4,355.8189811372963,163.6153787216799,81.34747096993001,187.5468235102466,1,-1,-1,-1
69,16,534.1005292966242,176.8385682727713,76.15989697194344,155.7479447909329,1,-1,-1,-1
69,12,112.2340317352534,180.7320807992275,77.17697381015179,166.4230198535678,1,-1,-1,-1
69,9,213.5822700424959,169.1226158048124,65.93940083680505,170.121106767038,1,-1,-1,-1
69,7,447.6894999478764,171.112868503038,71.89905268486041,178.1588952729849,1,-1,-1,-1
69,4,363.9473348375976,162.5540810367979,80.73240665126407,185.5559295037527,1,-1,-1,-1
70,16,538.8390626238722,176.506637733768,76.89324507885821,156.2507040778573,1,-1,-1,-1
70,12,117.023236272363,180.8433826498583,78.37820000514728,166.3315012614808,1,-1,-1,-1
70,9,218.4286439133847,169.0516337002855,66.74490777979561,170.4052279137088,1,-1,-1,-1
70,7,453.9030645451205,170.3292058613238,72.64555151991043,176.5649517063729,1,-1,-1,-1
70,4,369.1812103859642,164.4726351126604,80.23460889905229,183.583855177233,1,-1,-1,-1
71,16,543.0978449581856,176.6196763819574,76.15668189229912,155.7382638666444,1,-1,-1,-1
71,12,118.730148020958,182.218144318159,79.30130506571797,166.6803359678393,1,-1,-1,-1
71,9,223.2919088768836,169.1821863548878,68.8545725562426,170.5374621610468,1,-1,-1,-1
71,7,459.668458656857,172.3886152725544,73.95354918461949,174.6809866868812,1,-1,-1,-1
71,4,375.0078916450553,164.2303448993643,79.97483686460941,181.5540184133817,1,-1,-1,-1
72,18,293.2075120482384,161.0819372012465,77.11263037795516,198.5993147399077,1,-1,-1,-1
72,16,549.4199570728749,174.8999130550024,74.65923793700945,155.3483366073584,1,-1,-1,-1
72,12,123.3111429000414,180.9939795526308,79.71538118107549,167.1900215865315,1,-1,-1,-1
72,9,228.3921704331206,168.6239297214718,70.87915710775337,171.8360833680325,1,-1,-1,-1
72,7,465.3788485119191,173.6823786800119,75.53171177068653,173.1797631484017,1,-1,-1,-1
72,4,379.1195175134709,166.2543260119938,80.14038451403441,179.8649202367585,1,-1,-1,-1
73,18,285.0349710278156,159.9889241751266,78.91899933114206,200.7537679656064,1,-1,-1,-1
73,16,558.0494754716016,174.3070437047314,73.05687801197195,154.9320828754947,1,-1,-1,-1
73,12,129.1039827708244,179.758309139269,79.76151343515212,168.0745425243636,1,-1,-1,-1
73,9,230.1522689589216,168.0690178004064,72.07025440661319,172.7795848549962,1,-1,-1,-1
73,7,470.8502790179328,174.3525219758013,77.42206385579377,172.418051365548,1,-1,-1,-1
73,4,382.551535367051,167.3366742582277,80.18828175083502,178.7211876974382,1,-1,-1,-1
74,18,273.9259355061699,158.1284567744949,83.32212288665581,204.6546355712738,1,-1,-1,-1
74,16,564.3174018354875,173.8472989807602,70.86492880698447,155.1973508974467,1,-1,-1,-1
74,12,135.5525174422687,178.9346537520374,79.09067572997093,168.8741202631685,1,-1,-1,-1
74,9,234.3268551156456,167.1523702926304,73.21599716443089,174.1228296118256,1,-1,-1,-1
74,7,474.4472472049296,174.7021572735348,79.16498196192165,172.2460220652738,1,-1,-1,-1
74,4,386.3287704124579,167.1090253068567,80.22599693629466,178.8052461482792,1,-1,-1,-1
75,18,264.6383355918247,155.492741347916,85.50422661440469,210.0142882986611,1,-1,-1,-1
75,16,571.4026620253112,173.8383519559796,68.21361795859994,155.0701138169814,1,-1,-1,-1
75,12,141.9092723205096,178.0102211130486,78.9563025476657,170.5771024412715,1,-1,-1,-1
75,9,241.7355408937596,166.8558484672487,73.67728628345394,174.5677912111248,1,-1,-1,-1
75,7,479.3411348835842,174.5027934444525,80.48600220199712,172.8281355339403,1,-1,-1,-1
76,16,578.4937964012894,174.0927256422217,65.88798370413249,154.1756554573013,1,-1,-1,-1
76,12,148.3158549412911,177.2883775827308,78.69239695392073,171.728779939235,1,-1,-1,-1
76,9,259.6188765680407,171.0932247286169,76.87265346284046,178.7670778933958,1,-1,-1,-1
76,7,483.9461128976944,174.5890614947023,79.55883853973108,172.6547802719186,1,-1,-1,-1
76,4,394.8744234408587,167.747004760117,80.00288361745251,178.5128508510309,1,-1,-1,-1
77,16,583.7992549598426,174.734443539099,64.09061408820234,153.088779079746,1,-1,-1,-1
77,12,153.2208958613028,176.8200035000079,78.06303404802988,172.6694649801782,1,-1,-1,-1
77,9,272.1855729334084,170.4591282547245,74.41763054036505,176.5721981864633,1,-1,-1,-1
77,7,490.5246214415769,174.3433566163921,77.72744200362435,172.7418452617925,1,-1,-1,-1
77,4,398.8418413489575,166.4335688556773,79.03264963394727,177.9887206223325,1,-1,-1,-1
78,16,588.0035949897608,176.9208365414494,62.30705338341374,152.5625285393371,1,-1,-1,-1
78,12,158.4955652616683,176.5027175672406,78.99527874065193,173.7901961324316,1,-1,-1,-1
78,9,259.4629535795061,171.0090523135548,79.1680779612519,182.3556575002587,1,-1,-1,-1
78,7,499.4038066523912,174.1856106640299,76.03299103291268,173.0363566076058,1,-1,-1,-1
78,4,402.9515607767509,165.9941369326679,77.77093459768687,177.5303095223815,1,-1,-1,-1
79,16,589.9684430120204,177.5693972767926,60.620004703105,152.6024431648011,1,-1,-1,-1
79,12,164.2570761840931,177.0896386980555,79.38423855943844,173.0216538162408,1,-1,-1,-1
79,9,247.8359846935109,170.2904017883581,81.84866489534195,186.0990196336003,1,-1,-1,-1
79,7,505.6759886493531,173.6352613102554,73.89775462429917,173.8464559446177,1,-1,-1,-1
79,4,408.4915204411992,165.8556003118086,76.95202402569582,177.1339277465077,1,-1,-1,-1
80,16,594.9550882365224,177.9635800003316,60.44146558693713,152.1529957346807,1,-1,-1,-1
80,12,168.7323030475078,177.7330970615249,78.87623199854335,171.7686318054558,1,-1,-1,-1
80,9,290.5506980429848,166.9074484582922,75.54466959474927,176.5112847049172,1,-1,-1,-1
80,7,512.489256654917,172.9560281448877,72.21220050517813,174.7544409261856,1,-1,-1,-1
80,4,414.7660832389195,165.7603949885996,76.38694468378408,176.7270730697656,1,-1,-1,-1
81,12,172.5000620579045,178.5053875282744,78.53219456313815,170.7603966301529,1,-1,-1,-1
81,9,297.7021482042612,167.0153302831811,73.84248747550049,174.4138513133763,1,-1,-1,-1
81,7,519.1793541477895,170.7157040010799,71.22448593597531,175.7938913404053,1,-1,-1,-1
81,4,422.5225658179323,165.7369419158743,77.43984140488851,176.4769364421036,1,-1,-1,-1
82,12,178.1204854540512,178.9328598092301,77.60931888694986,169.8463016913728,1,-1,-1,-1
82,9,302.2289681375804,167.7204105523952,73.13556181488148,172.3470718541057,1,-1,-1,-1
82,7,525.3416803447336,171.6492233232304,70.880326627146,175.7804493829784,1,-1,-1,-1
82,4,427.3771126547056,165.4415630391806,77.87097771702321,176.9733779143486,1,-1,-1,-1
83,12,182.1602778115926,178.4755780288428,77.12873647859666,170.7662480867939,1,-1,-1,-1
83,9,289.7880495834657,166.2959699520527,71.58799697281133,171.6102198217418,1,-1,-1,-1
83,7,531.1311732942469,172.0884471623491,71.7952479665435,175.8330595853933,1,-1,-1,-1
83,4,431.873722292949,165.1764614511705,77.88216270998782,176.9987974743045,1,-1,-1,-1
84,12,197.0585812518086,173.9901470367202,79.20662812365914,178.9864910249557,1,-1,-1,-1
84,9,287.2701098970262,165.861117997443,70.747238386436,170.9892367904052,1,-1,-1,-1
84,7,536.7432110109462,172.7251905310873,73.50902092365239,175.42119270697,1,-1,-1,-1
84,4,430.8255290518889,165.8825401213414,76.11312274658474,176.4554524496663,1,-1,-1,-1
85,21,603.1619331855456,182.5844865712679,42.72832978480365,155.7597558280786,1,-1,-1,-1
85,12,200.1219066079992,171.5477292620949,80.57627518150514,184.1280243320344,1,-1,-1,-1
85,9,289.7813396503714,165.4059322371716,71.28129551419202,171.7382383291835,1,-1,-1,-1
85,7,540.5741406846246,173.5319014353677,74.67808743681076,174.2948042237006,1,-1,-1,-1
85,4,435.0585502507569,165.8376351234969,75.68673267735946,176.8954073166975,1,-1,-1,-1
86,21,599.3060015858346,179.2327101285223,44.44188023652045,156.8095285579775,1,-1,-1,-1
86,12,198.9061830033972,172.730648366745,81.71950293982104,185.8413231641711,1,-1,-1,-1
86,9,294.4008091838752,165.0818684300777,71.64622567032215,172.1144488226812,1,-1,-1,-1
86,7,545.5504723595669,174.4177425712308,75.56564304257397,172.864853454481,1,-1,-1,-1
86,4,438.8701397335262,167.7259744707549,75.26681691873276,176.7876391177674,1,-1,-1,-1
87,21,594.5414568348405,177.2437280350208,47.81039788697853,164.7997265045601,1,-1,-1,-1
87,12,191.0633319255839,170.4092589949893,83.67810980986602,188.3254885110458,1,-1,-1,-1
87,9,316.5876663304576,167.3122796784002,72.28091925235751,170.7905461441294,1,-1,-1,-1
87,7,548.7498102886458,176.5277691139144,77.1011401613289,172.1998825839026,1,-1,-1,-1
87,4,443.8233868230009,168.7408973425469,75.6868192033139,176.2982571049473,1,-1,-1,-1
88,21,590.5395791235231,173.8555874422121,49.72443707262425,171.3973108848259,1,-1,-1,-1
88,12,183.2432969353994,171.2876900375394,85.61344137924164,189.2412334473239,1,-1,-1,-1
88,9,330.374528295136,166.5392060078983,73.42673776077224,170.6791038813039,1,-1,-1,-1
88,7,553.6100220860467,176.9898865785422,78.36352498219124,172.3934265530327,1,-1,-1,-1
88,4,445.8387252913747,168.8662044391556,75.85351907205673,176.4281885340015,1,-1,-1,-1
89,12,175.2986161601319,171.9979518020613,87.56552116449623,189.2544007070744,1,-1,-1,-1
89,9,337.4846313287177,165.9383742490459,74.2773271720849,170.8794307003808,1,-1,-1,-1
89,7,559.8431967164371,175.6148792538126,77.90187552271595,172.1974817342043,1,-1,-1,-1
89,4,448.1439179632295,168.5280138701706,76.56837824233736,177.4325463664132,1,-1,-1,-1
90,12,167.9939413665321,172.4656716589235,88.53772484862704,189.1951050861036,1,-1,-1,-1
90,9,343.753999837382,165.5962600591213,75.19136187197282,171.1229144964183,1,-1,-1,-1
90,7,567.121367887373,175.0261708334587,76.09812943738761,171.9465483426799,1,-1,-1,-1
90,4,451.0672367444184,168.3579568589355,76.7307803316878,177.7623658538968,1,-1,-1,-1
91,12,161.2918135467783,172.7801936213817,88.52360899771961,188.8608494656129,1,-1,-1,-1
91,9,347.9521002644738,165.5181323184611,75.70114849444191,171.2838683260539,1,-1,-1,-1
91,7,572.4643361685708,174.5441411148429,74.09688516232526,172.0276534076181,1,-1,-1,-1
91,4,454.1954451150172,168.0502512301017,76.59880672982635,178.2288259171926,1,-1,-1,-1
92,22,236.9027755283034,179.5273167653662,79.66915958126613,167.3784081285362,1,-1,-1,-1
92,12,155.0769730112239,173.1293090276299,87.83335941224109,188.2462598126392,1,-1,-1,-1
92,9,335.9590004421786,163.7699689453637,73.48350180621104,170.5706544980551,1,-1,-1,-1
92,7,578.9418745227954,172.5671367491797,72.15599768071128,172.2277538804264,1,-1,-1,-1
92,4,457.7186565489043,167.803775237407,75.88615432134009,178.4935460100766,1,-1,-1,-1
93,22,239.2732727202538,177.4571567236577,82.17421141641989,171.6869575747561,1,-1,-1,-1
93,12,149.1684288617539,173.0434755950987,86.37339626105687,187.9253777675586,1,-1,-1,-1
93,9,333.9738209494768,163.1982787965009,71.69023542209177,170.0861143778504,1,-1,-1,-1
93,7,585.640057672521,172.1351029482779,67.10455159624624,171.4673117306479,1,-1,-1,-1
93,4,463.3786460950281,166.0356643434976,74.48790735055688,178.7901731436551,1,-1,-1,-1
94,22,243.8572717755386,173.7120062023801,84.74254263357798,175.0508086211904,1,-1,-1,-1
94,12,143.205874359541,172.360139871449,84.87143603324022,188.7872414722576,1,-1,-1,-1
94,9,335.5821582035366,163.5122361156178,69.9351097048188,169.134433748553,1,-1,-1,-1
94,7,567.2026457799107,177.3558499411591,69.11455901258032,168.4606517261484,1,-1,-1,-1
94,4,468.4267224687584,165.3056713582233,72.62688699496488,178.709649216489,1,-1,-1,-1
95,22,248.1912668495065,173.2889986450807,84.20973469391542,174.7621773955685,1,-1,-1,-1
95,12,135.5118083370639,169.9793918319117,83.31789106874007,190.0159742272647,1,-1,-1,-1
95,9,339.8185160128723,163.3713051620905,69.89882631462412,169.0006541419868,1,-1,-1,-1
95,7,557.5405398972944,179.7848498915722,70.89374954645902,166.0559227950771,1,-1,-1,-1
95,4,474.90531218502,165.2296949957497,70.38311539238896,178.4554429437982,1,-1,-1,-1
96,22,255.078541129521,173.986940827628,81.75973205601038,172.5748779423228,1,-1,-1,-1
96,12,128.531820565754,168.9835858972159,82.36280966227309,190.7629412816962,1,-1,-1,-1
96,9,342.1324080995883,163.6572516060143,68.52282847817598,168.5939062816896,1,-1,-1,-1
96,7,552.1717534148872,181.1677179702491,71.00865806081205,164.1964063186879,1,-1,-1,-1
96,4,479.906037587037,166.7387533809961,68.78780715259155,178.6746669337353,1,-1,-1,-1
97,22,261.9236857719126,172.2777961676797,80.12057295270678,172.1590202637827,1,-1,-1,-1
97,12,121.2623468800364,168.4347513173318,82.95522446761603,191.5597666848105,1,-1,-1,-1
97,9,364.5542782113526,165.5501150252829,70.07631279750503,169.0683557911045,1,-1,-1,-1
97,7,532.1376958115568,179.7074607882519,69.78895668742588,164.0949082251341,1,-1,-1,-1
97,4,485.2671440215458,165.6637784287653,68.83307903695371,178.9166347885889,1,-1,-1,-1
98,22,268.8768379874477,170.6881920233623,78.87816984330146,173.8448107134728,1,-1,-1,-1
98,12,113.9402482275313,169.4278350459099,84.20088551091222,192.3710644038839,1,-1,-1,-1
98,9,358.4433260387834,166.029019943853,70.73308445952028,169.1059392928105,1,-1,-1,-1
98,7,531.5506008963682,179.8120440848377,69.77402671479102,164.0598033517327,1,-1,-1,-1
98,4,489.2498516692293,165.0477892468652,68.91952196691643,179.2118210418573,1,-1,-1,-1
99,22,274.0113509890721,170.0224313570977,77.54901976851251,174.7432486000839,1,-1,-1,-1
99,12,106.677460019824,170.11380204878,85.78162085942441,192.549845681865,1,-1,-1,-1
99,9,358.1270606296528,166.3705799055536,70.53890606125285,168.7602502572483,1,-1,-1,-1
99,4,495.5351459097739,166.5829047227807,71.2707214756047,179.3002269488252,1,-1,-1,-1
100,22,282.0056747563433,169.8979168524545,76.6458672356827,174.6742677629385,1,-1,-1,-1
100,12,101.6590096723931,170.3573709186726,86.90345791437504,192.6640055430399,1,-1,-1,-1
100,9,361.4193052452364,166.1004206027847,71.37739217245955,169.4178376241485,1,-1,-1,-1
100,4,499.3096782740328,167.1480747919799,73.14290950094357,179.3862362246778,1,-1,-1,-1
101,22,289.219651832678,169.927922172204,76.27245030292971,174.8338771551561,1,-1,-1,-1
101,12,95.63455063638951,170.5842048735635,87.80537984195362,192.8608803229281,1,-1,-1,-1
101,9,365.1631225060448,166.0531431844705,70.84057714197314,169.653600809044,1,-1,-1,-1
101,4,527.1876934981817,169.466231830984,70.31583802224871,175.3741694056679,1,-1,-1,-1
102,22,295.1508001815509,169.9368097231328,77.37340273159637,175.0202531587094,1,-1,-1,-1
102,12,90.74675516545562,170.7513927438619,89.12297756635927,192.991763235312,1,-1,-1,-1
102,9,370.5507120323788,165.3576607075512,70.47299390571494,170.7873912442576,1,-1,-1,-1
102,4,539.8674940449818,170.7829386340831,68.70850037962346,173.0049885473356,1,-1,-1,-1
103,22,301.1029903340749,170.0602743479992,78.35627784620208,174.96915586545,1,-1,-1,-1
103,12,87.00584895205978,170.9940012260013,89.4220488086188,192.7150285732386,1,-1,-1,-1
103,9,375.3071312145737,165.7350622905881,69.19373986163754,169.8333394129966,1,-1,-1,-1
103,4,547.1313488608282,171.837670846597,67.22846240091141,171.4121062327281,1,-1,-1,-1
104,22,306.3919581688153,171.5795029148157,79.95436602164406,175.2283885527617,1,-1,-1,-1
104,12,81.79641685662483,171.1952470459906,89.11336094382999,192.1769739089456,1,-1,-1,-1
104,9,398.2555619379814,167.2107292880837,71.53583637183985,171.0531541723809,1,-1,-1,-1
104,4,554.4878782900086,174.4608783303062,64.68737206608104,169.6042871198602,1,-1,-1,-1
105,22,310.3661217779629,172.3354006442994,80.41381123794773,175.0355107122776,1,-1,-1,-1
105,12,76.39668159302218,171.1078117048513,88.0747998979394,191.7148088096076,1,-1,-1,-1
105,9,412.068430085511,167.4271091535946,75.5877740709473,172.7138255429419,1,-1,-1,-1
105,4,561.5782083388117,176.1490622082235,63.39323490015315,167.9374245018151,1,-1,-1,-1
106,23,490.4751823514043,182.4540326415409,65.78812462158777,155.6856181331113,1,-1,-1,-1
106,22,315.6808785743037,172.1293425428814,80.61821178072125,175.563105335657,1,-1,-1,-1
106,12,70.82998826633978,171.2533631351491,86.4303602352642,191.300175359731,1,-1,-1,-1
106,9,417.2608387137097,167.6651127386276,75.38067179138316,172.1433818063953,1,-1,-1,-1
106,4,567.7963720457193,176.8414194425053,63.44530848076083,167.3875285771623,1,-1,-1,-1
107,23,485.9027087939975,181.7416862684623,68.76392479488449,158.2501408211733,1,-1,-1,-1
107,22,320.7323646647706,170.465498280919,79.34804272814091,176.0354320415217,1,-1,-1,-1
107,12,65.18386325206257,171.0855417053982,84.81609577421345,191.2362204154722,1,-1,-1,-1
107,9,421.540209113806,168.0938736035976,73.65731739949017,171.3892821430326,1,-1,-1,-1
107,4,571.879764537096,177.3322512815277,63.95642981503988,167.1142218214366,1,-1,-1,-1
108,23,481.3997071656013,180.7833060801195,71.33705506453886,160.0015228306976,1,-1,-1,-1
108,22,328.1131676710416,168.8432445233491,79.07999404242175,177.7400999777295,1,-1,-1,-1
108,12,59.5981426621635,171.2052052019965,83.78921197144678,191.1449852759186,1,-1,-1,-1
108,9,425.2808999859373,168.6087736646103,73.1681342407513,170.7568410279959,1,-1,-1,-1
108,4,553.5053647245536,172.6860384213947,66.20178395277863,171.9258378961683,1,-1,-1,-1
109,23,478.1122867568931,181.2465446667069,71.78388400735858,159.4087032547531,1,-1,-1,-1
109,22,335.2549200371569,168.0281396377522,78.37156824640635,178.9595855468932,1,-1,-1,-1
109,12,55.15666682721906,171.4951691520822,83.89805370539803,190.8736420467642,1,-1,-1,-1
109,9,412.3840770429696,165.0408797073561,72.60871504622902,170.6678340689538,1,-1,-1,-1
109,4,548.4458026303075,169.8964406974633,67.26900431446619,175.6373339074005,1,-1,-1,-1
110,23,471.5271157999264,181.6591937198023,74.10770145304566,162.0588160824836,1,-1,-1,-1
110,22,341.7283688458479,167.461334781612,78.43670212508756,179.8329094376446,1,-1,-1,-1
110,12,49.07647097148497,172.3717827161175,84.89724709291848,189.8312536045698,1,-1,-1,-1
110,9,411.047792327336,163.6911122099259,72.97374866474205,170.8681766550055,1,-1,-1,-1
110,4,550.0419582199988,167.6221109445963,68.42980104870713,179.2201618212621,1,-1,-1,-1
111,23,467.7131650480376,180.7184516691655,73.78867425913336,161.7008787397046,1,-1,-1,-1
111,22,348.0525564246713,167.3413554592775,78.972264693851,179.8577232324592,1,-1,-1,-1
111,12,44.09146174666427,174.1731723906594,86.45003928001955,189.3796716590772,1,-1,-1,-1
111,9,414.2088623927055,164.4291992847786,73.45430203517091,171.1448392537455,1,-1,-1,-1
111,4,554.6393190444727,166.2489794323854,68.77791726078867,181.904090813035,1,-1,-1,-1
112,23,463.1099049496769,181.1926730877429,71.85270795015983,159.9405956139013,1,-1,-1,-1
112,22,354.078762378617,167.7021313579417,79.83145503265777,179.0047344687968,1,-1,-1,-1
112,12,39.96439292573059,175.6995510662006,87.54401936419798,187.8255784640233,1,-1,-1,-1
112,9,417.8864499290626,164.9381014274501,72.914291666691,171.3966991157743,1,-1,-1,-1
112,4,558.1546927609736,165.4747393260878,69.44208678197512,183.4222707703495,1,-1,-1,-1
113,23,456.0084043543729,181.3031534134346,69.56365462520927,158.5165742581002,1,-1,-1,-1
113,22,361.4637102339581,168.1790360759429,81.40818027053756,178.6568631708932,1,-1,-1,-1
113,12,34.5092830855599,177.1367198113703,87.90830344944163,186.0768146816783,1,-1,-1,-1
113,9,421.8242232774076,165.3718590901954,71.77865176031236,171.4167583663991,1,-1,-1,-1
113,4,561.4977741619296,165.1024148616088,69.87034942240568,184.5135361006987,1,-1,-1,-1
114,23,451.2536365303509,179.0728972660466,68.73105887435909,159.0268163879904,1,-1,-1,-1
114,22,365.8178907060252,168.4473276894414,83.26530927110343,178.3474764578054,1,-1,-1,-1
114,12,28.49347216307083,177.6396958618227,88.45610552182509,185.6404521945646,1,-1,-1,-1
114,9,425.5986841699822,165.6993953247572,70.44937813323891,170.6140376692613,1,-1,-1,-1
114,4,566.3002775633289,164.7869247937586,71.02423601206836,185.5309996929755,1,-1,-1,-1
115,23,462.3190849801462,172.1309751182879,69.0939783634451,162.780331242377,1,-1,-1,-1
115,22,370.5809305306835,170.4635441970094,84.94801281053873,177.6441195368883,1,-1,-1,-1
115,12,24.49375004078883,177.7200548301204,88.1545959257344,185.3934354044755,1,-1,-1,-1
115,9,437.4110100369177,173.1489602835113,69.2407753262285,167.7406850875048,1,-1,-1,-1
115,4,569.9704556562056,164.9116635627049,71.69326717922824,185.411047427308,1,-1,-1,-1
116,23,469.5980158645957,170.2095929263294,71.44738358690591,166.3585792852222,1,-1,-1,-1
116,22,375.8312807281236,171.1026217564787,86.70843171891346,177.716316104287,1,-1,-1,-1
116,12,19.18353756580286,177.6545749843916,87.98811083990752,185.1143562330188,1,-1,-1,-1
116,9,441.7376975887603,173.6417948118522,69.25637952628091,167.7784873679487,1,-1,-1,-1
116,4,573.1717667879692,165.1686432782084,71.81246043993643,184.972599210089,1,-1,-1,-1
117,23,472.3259284007634,169.6792462311566,72.85013978556798,167.624419035667,1,-1,-1,-1
117,22,380.0944289293388,169.6694951527935,87.01649127922936,177.8025519675285,1,-1,-1,-1
117,12,13.34683797233679,177.1835875588624,87.42345895126265,185.6363515658724,1,-1,-1,-1
117,9,435.9120162535815,177.1656205289498,68.03014878467523,164.9629712058448,1,-1,-1,-1
117,4,574.559076636844,165.7744592154663,71.50559100462016,183.8069415986635,1,-1,-1,-1
118,23,473.198423418493,169.4644994674994,73.76461776561295,168.402721298594,1,-1,-1,-1
118,22,386.374634939168,170.6691241301143,85.42825872736645,177.8586634750381,1,-1,-1,-1
118,12,7.670199583490934,175.2671676348257,86.49523530937027,185.8370758940156,1,-1,-1,-1
118,9,433.4369607192374,179.3767529878577,66.57937551823146,161.9133308428593,1,-1,-1,-1
118,4,577.1599596888841,166.0792944022791,70.86488195741963,183.0774157312239,1,-1,-1,-1
119,23,477.4140132049841,169.149605560702,74.63719041217293,169.2200761546095,1,-1,-1,-1
119,22,396.9048668229786,169.126649629615,84.34460726264365,177.9666485336873,1,-1,-1,-1
119,12,3.668887267500992,174.5229297046791,85.17401347205831,186.0845160307951,1,-1,-1,-1
119,9,436.1868973177948,180.0440546159757,66.56281039208214,161.8730463744365,1,-1,-1,-1
119,4,578.1633084456422,166.0541442307173,70.48801845608514,183.1011114172565,1,-1,-1,-1
120,23,482.8606113837837,169.3797249593505,75.24720931897642,169.2972327884311,1,-1,-1,-1
120,22,403.2624266032241,167.9161992907405,83.21565607183979,179.1127110776058,1,-1,-1,-1
120,12,-0.9935618012663099,174.0190303204473,83.90663234769625,186.5825546467157,1,-1,-1,-1
120,9,454.826375466648,169.3190031910133,65.49446970315434,163.6853443834908,1,-1,-1,-1
120,4,581.318503996961,166.0745375114855,70.47501920812142,183.0673443061662,1,-1,-1,-1
121,23,489.3779983244702,169.1468586315002,74.91051098317435,169.3994894938446,1,-1,-1,-1
121,22,411.9281503288717,166.5762729728563,82.2943563910066,181.3124127465907,1,-1,-1,-1
121,12,-4.865113358025063,173.6599179620483,83.37738848571874,186.9879155965149,1,-1,-1,-1
121,9,461.9395960686787,166.5630331883965,64.34485886330695,165.0133488049925,1,-1,-1,-1
121,4,585.727382652343,166.0146875774443,65.91472265879364,182.9956713146495,1,-1,-1,-1
122,23,492.211975238626,167.4827896897183,74.31718439817219,169.2483183800255,1,-1,-1,-1
122,22,403.0261234420199,172.5079444093023,76.97475533673934,173.7393080346553,1,-1,-1,-1
122,12,-8.118049212228399,175.0097439658512,82.87282769447832,187.7982903046547,1,-1,-1,-1
122,9,439.1835485741947,168.1323807747258,68.56933843095968,171.8562271998535,1,-1,-1,-1
122,4,588.8073157809341,166.0648948662379,65.87486811534502,182.8850251852396,1,-1,-1,-1
123,23,495.6928305943245,166.9072355818619,73.33127348221232,169.0686533976812,1,-1,-1,-1
123,22,407.8243161803243,172.6054030912643,76.93261139604837,173.6441851718223,1,-1,-1,-1
123,12,-10.76304467731045,175.8464820342818,81.99953167791064,187.534733405864,1,-1,-1,-1
123,9,432.3810807145487,167.856418275273,71.06890141247095,176.5082503841976,1,-1,-1,-1
124,23,500.7975895047937,166.3277863045781,73.48136678809887,169.6896354081689,1,-1,-1,-1
124,22,395.0403694191012,177.104768175251,72.73669158427556,167.3848560853443,1,-1,-1,-1
124,12,-11.56157261282497,178.0017101476213,81.05851740849612,187.4300230281112,1,-1,-1,-1
124,9,435.0307857982538,167.2438554232718,73.28471848155009,179.3504817576877,1,-1,-1,-1
125,23,506.5667464899013,165.8359121266421,73.81556065746993,170.152244970074,1,-1,-1,-1
125,22,391.3981461199076,178.7848802174358,70.39237532149386,163.9560610417238,1,-1,-1,-1
125,12,-12.58282538803198,177.4332472177775,78.69291455724773,186.7053980338704,1,-1,-1,-1
125,9,439.5796007767506,166.7117292375393,75.29773965790724,181.3607970336041,1,-1,-1,-1
126,23,511.4330931123999,165.9024045295955,72.74087932408762,169.8946324028962,1,-1,-1,-1
126,22,388.5276997742177,179.6824580748079,68.61831391590154,161.8404390399353,1,-1,-1,-1
126,12,-13.96578831722907,176.7643402553167,76.17390098996633,186.8369319287453,1,-1,-1,-1
126,9,443.2473893761024,166.9059076273061,76.64460598117392,181.6093510416411,1,-1,-1,-1
127,23,515.5180213474179,165.837210248984,71.89828092135275,170.0474006125032,1,-1,-1,-1
127,22,383.7210344964232,179.8858147189819,66.42525582696126,160.8863368395205,1,-1,-1,-1
127,12,-17.98247132390417,176.8505881741648,76.21191133465115,186.9301624984046,1,-1,-1,-1
127,9,446.183503418373,168.5433998580866,77.87284117030816,181.9196494789733,1,-1,-1,-1
128,23,520.9637129012589,165.9445880124691,71.50549525792721,169.7614548900504,1,-1,-1,-1
128,22,378.1477857488081,180.3802370903212,64.78709989481399,159.8662338949626,1,-1,-1,-1
128,9,450.616787905646,169.2664606390932,79.48066915047575,181.7196128742263,1,-1,-1,-1
129,23,527.0462042615604,166.1806692623545,71.60801921120962,169.6943206930434,1,-1,-1,-1
129,22,371.8958286868769,181.1059537121603,64.30125382304361,158.652178971006,1,-1,-1,-1
129,9,455.8897075318537,169.2915448360112,80.93924535714055,182.1445196704402,1,-1,-1,-1
130,23,533.1331887986003,166.5654139443514,72.09414352348422,169.2883645372264,1,-1,-1,-1
130,22,364.9101571453594,181.9143244684864,64.79672470160179,156.9646975726315,1,-1,-1,-1
130,9,460.1422937220717,167.3579295139006,81.43400230268153,182.925082288169,1,-1,-1,-1
131,23,535.3342968662246,167.9572768545026,72.50430799320451,169.603396283272,1,-1,-1,-1
131,22,356.0036303749828,183.177546012082,65.81810976600696,154.9727262115504,1,-1,-1,-1
131,9,467.731454740437,165.9909485687495,81.32822729063228,184.261328142074,1,-1,-1,-1
132,23,539.7066763490508,168.7463232229088,73.16858748412025,169.3675090643549,1,-1,-1,-1
132,22,349.9172478510434,184.2596219721802,66.95934747989249,153.6301336020313,1,-1,-1,-1
132,9,475.5244388551255,165.1322535168687,79.90997259248068,185.2758382857772,1,-1,-1,-1
133,23,543.022868369007,168.7613929187994,74.1216659098103,169.7229472766716,1,-1,-1,-1
133,22,343.55750059402,185.8736175195288,67.80496976059513,152.930083766167,1,-1,-1,-1
133,9,484.7642229286877,164.2234388200999,78.60599195970856,186.3989268310926,1,-1,-1,-1
134,23,547.0124138482397,167.5491246284097,73.29359638008502,169.3055618292824,1,-1,-1,-1
134,22,338.9608764768578,187.0097662262991,68.30359690979517,152.0873929725628,1,-1,-1,-1
134,9,492.1786108553875,163.6162140017631,78.39755212758145,187.5268324360728,1,-1,-1,-1
135,23,552.7148798292909,167.1010189150732,72.29594716383895,168.9163756956224,1,-1,-1,-1
135,22,334.9548454315727,187.1466118438807,68.65610871952352,151.9035508909194,1,-1,-1,-1
135,9,498.7473179057446,163.5540720482858,79.1761189265265,187.6522746685681,1,-1,-1,-1
136,28,-6.117659306425692,182.3944799524592,42.97492794103464,143.7956944696378,1,-1,-1,-1
136,23,557.2499898334395,166.976551960627,71.38598540715131,168.812417364382,1,-1,-1,-1
136,22,329.8558855717292,187.4467843916655,68.57706675641361,151.2451706230946,1,-1,-1,-1
136,9,506.2500265878218,165.449462403717,80.98818385380815,187.4597143995128,1,-1,-1,-1
137,28,-8.627238077284915,180.8178727739198,47.5818307953265,152.1373868264412,1,-1,-1,-1
137,23,563.7609509652783,167.2744752622817,69.36263826837244,168.116792546038,1,-1,-1,-1
137,22,324.2024083810988,186.2978368977702,67.821175662331,151.1723140855851,1,-1,-1,-1
137,9,512.9661282618648,166.3608946413278,81.91757002901055,187.2658087871551,1,-1,-1,-1
138,28,-8.917135595174852,180.2876144489317,49.0695743791616,153.611322602363,1,-1,-1,-1
138,23,568.4714009438441,167.0582703605773,68.18902539848033,167.8232526571807,1,-1,-1,-1
138,22,320.1214594705309,185.2732168677799,66.83355717714413,151.8890080832156,1,-1,-1,-1
138,9,518.6235693672598,166.7765128699631,84.05609564001666,187.7373068078221,1,-1,-1,-1
139,28,-7.038245659242477,178.2095743668814,50.10752139971666,154.8927392611485,1,-1,-1,-1
139,23,572.3212065717394,166.7880727930107,68.24608780179125,167.96369165117,1,-1,-1,-1
139,22,313.3805149785399,184.4170535528295,65.6309055855161,152.9698009014214,1,-1,-1,-1
139,9,524.2363539641378,166.4778753463478,85.79247850698479,188.771797704286,1,-1,-1,-1
140,28,-5.292164751680399,176.7199245427643,52.04592509821264,156.7450273967065,1,-1,-1,-1
140,22,307.5171328851698,184.0123392128889,63.77078352961656,153.5053883403947,1,-1,-1,-1
140,9,529.6751969737743,166.4088915522833,87.68284741036621,189.0980795024814,1,-1,-1,-1
141,28,-5.184256646052383,175.548678783523,54.03349279918473,158.5215878291162,1,-1,-1,-1
141,22,303.0810908866522,183.6761572799766,63.05150543973694,154.0103910799493,1,-1,-1,-1
141,9,533.3742517219138,166.2209433868543,89.39294780683643,189.2459094466481,1,-1,-1,-1
142,28,-4.212061692621482,174.5696658482219,56.77482976397009,160.3361956670465,1,-1,-1,-1
142,22,296.7481447077439,183.5529979039812,63.99335646132848,154.5954277808567,1,-1,-1,-1
142,9,538.7413103305045,166.2712664262262,89.62229922152807,188.9688850351263,1,-1,-1,-1
143,28,-2.975209041111466,174.0646768820733,59.88628485048224,161.4162884188379,1,-1,-1,-1
143,22,289.7080057800982,183.7214582315486,65.19931721178108,154.1834276755134,1,-1,-1,-1
143,9,545.2736616593529,166.0759713096254,88.66072258664884,189.080607448637,1,-1,-1,-1
144,28,-0.9809504970110297,175.3284224736364,62.56063410012418,161.6108459062747,1,-1,-1,-1
144,22,282.4764966332338,185.7543675584953,67.0010065434269,153.3956155198237,1,-1,-1,-1
144,9,552.5626851339889,165.6837957866977,86.6695849373278,189.6907585880819,1,-1,-1,-1
145,28,0.8647201576458272,175.8398413642757,65.13615973450365,161.9793936131852,1,-1,-1,-1
145,22,275.2811859461533,186.7244408636552,68.85911656381231,153.3324493790115,1,-1,-1,-1
145,9,558.1020985210753,165.698572058982,86.80677323423329,189.9910179250596,1,-1,-1,-1
146,28,1.287087551655162,176.43442552538,67.30844069652954,161.9374032324118,1,-1,-1,-1
146,22,269.7915603562706,187.3552298424639,70.9242517404293,152.9903041341512,1,-1,-1,-1
147,28,2.984882062516284,177.0783135409213,68.66784085962384,161.1321578398938,1,-1,-1,-1
147,22,265.8143217069696,187.9197627678711,71.75507517802215,152.6260727480328,1,-1,-1,-1
148,30,578.591769920147,164.361775344695,72.60983950984786,192.5682944588699,1,-1,-1,-1
148,28,5.128930005184763,177.2637361763338,69.9145095718719,160.9438459619181,1,-1,-1,-1
148,22,260.2761627067862,187.9701716415592,72.56408356516273,152.6159298175357,1,-1,-1,-1
149,30,578.591769920147,164.361775344695,72.60983950984786,192.5682944588699,1,-1,-1,-1
149,28,7.639399292653074,177.5227381085239,70.79276905048245,160.7429811843166,1,-1,-1,-1
149,22,255.9724577713356,187.3478927723384,73.09970040356751,153.5855186126662,1,-1,-1,-1
150,30,583.582269042917,167.6916704323041,63.73918171627415,166.7553825574003,1,-1,-1,-1
150,28,10.43125543424558,177.566783918399,71.18384755064768,160.318018173818,1,-1,-1,-1
150,22,249.2534706390889,187.5693159706454,72.02287748017709,153.4070801911019,1,-1,-1,-1
151,30,586.4809707310251,169.7611932955242,58.4969083317533,153.0404700001992,1,-1,-1,-1
151,28,13.16182148322297,177.1388332760108,71.78542320708941,160.8107013215053,1,-1,-1,-1
151,22,243.012540392129,186.865147748559,71.12382046802001,154.3675815476827,1,-1,-1,-1
152,28,16.81761886682487,176.9239620571309,70.82954766990783,160.6499793738288,1,-1,-1,-1
152,22,237.1128148052323,186.0023559335218,69.80571497331908,155.5922479945066,1,-1,-1,-1
153,28,20.89659965238097,175.6533527205532,69.36542709609967,160.1966052142567,1,-1,-1,-1
153,22,232.2443830428451,185.419645007602,66.91725095293047,156.3739272240587,1,-1,-1,-1
154,28,24.67217828930261,175.0647344812429,67.97135959217655,159.8108942321639,1,-1,-1,-1
154,22,228.3358740068393,185.0694393485606,65.08577626227373,157.0550049555533,1,-1,-1,-1
155,28,28.38750335431426,174.9807885701916,66.8382697766444,159.5169710989164,1,-1,-1,-1
155,22,223.0325833560658,185.0090608377569,64.22282694579609,157.3194823535894,1,-1,-1,-1
156,28,32.14661671428189,174.9022753311857,65.83301434140307,159.1883617074169,1,-1,-1,-1
156,22,216.9751652982318,185.5639746627452,64.19068862306035,156.9626216754191,1,-1,-1,-1
157,28,35.44167270978134,175.3151048232605,65.72861122221906,158.7637906515679,1,-1,-1,-1
157,22,210.0187513853924,186.258706554805,65.70410802425825,156.2339756191279,1,-1,-1,-1
158,28,38.37117369441891,176.4802763480413,66.40810164693474,159.2995016673742,1,-1,-1,-1
158,22,202.578553522622,187.9353736429329,67.93551102438849,155.7976134573219,1,-1,-1,-1
159,28,41.36620607947633,177.500210829258,66.52953897528965,158.7310868643934,1,-1,-1,-1
159,22,197.1831836970576,188.3606118027797,67.77952527787352,155.4398888053109,1,-1,-1,-1
160,28,42.68079445975256,177.9777421570969,67.20209998648741,158.9305493882526,1,-1,-1,-1
161,28,45.00136071048667,178.249184952619,67.61798653488887,159.0175328233446,1,-1,-1,-1
162,28,47.52313008873909,178.109372502703,67.79425499851821,159.2584318180748,1,-1,-1,-1
163,28,50.92969123662156,177.3835072465289,67.21014762973111,159.9369805561072,1,-1,-1,-1
164,28,54.52655813675347,175.6463075590336,66.3336503584364,160.0841286286098,1,-1,-1,-1
165,28,57.71948842418968,174.0717970231514,66.58844507225217,161.4036496691073,1,-1,-1,-1
166,28,60.99310515475042,173.3047895474979,66.45121735641696,162.3061940087156,1,-1,-1,-1
167,39,157.0630226865703,190.2907942327378,64.14502007874162,158.66685513804,1,-1,-1,-1
167,28,65.97966210328303,172.7109174577261,66.47204611239347,162.4080189151589,1,-1,-1,-1
168,39,147.8574929035768,188.7601747379495,68.49825747529265,162.2673315959982,1,-1,-1,-1
168,28,44.19526364856542,174.496452444701,68.37515124728625,163.3431953582021,1,-1,-1,-1
169,39,140.4176827660938,189.1926652355057,70.49897721989291,161.6993677869912,1,-1,-1,-1
169,28,64.81479050359398,173.0794111919931,68.76900134538937,162.893381663158,1,-1,-1,-1
170,39,132.7032579122748,189.4624963779993,73.37088676155562,162.0461863851256,1,-1,-1,-1
170,28,51.98923492432266,172.4025780398794,68.90712097243713,164.431611135335,1,-1,-1,-1
171,39,125.4834325536654,191.4729396561459,75.49596363370574,161.4459696664109,1,-1,-1,-1
171,28,49.48510583501021,171.376372103467,68.48159425917181,165.8575989872512,1,-1,-1,-1
172,39,120.8541880048391,192.1700117751528,76.77532545071344,161.6217325886103,1,-1,-1,-1
172,28,50.75575977631413,170.5076354005311,68.37472337038328,167.2395807936987,1,-1,-1,-1
173,39,115.353862503087,192.6215376907044,77.08463745592354,161.179389788504,1,-1,-1,-1
173,28,54.86819556296036,168.5646059184863,68.66405924918952,167.887403554076,1,-1,-1,-1
174,39,109.9064108446625,194.0680736474332,75.85524997309787,158.1611909957572,1,-1,-1,-1
174,28,59.64490875362461,168.745467436276,70.54213600283941,168.9316614121189,1,-1,-1,-1
175,39,98.98194039166307,182.4139885282228,72.37755604723181,156.5595910343295,1,-1,-1,-1
175,28,63.45915394281116,168.9519498556389,71.40208927721822,169.4496408598553,1,-1,-1,-1
176,39,92.03588479734455,180.7531390356598,72.59516477219761,157.0302995639726,1,-1,-1,-1
176,28,65.46344693085864,169.453381467161,70.47222503035235,168.8289764317529,1,-1,-1,-1
177,28,90.51874224019841,172.8634511316925,70.76401532624493,171.5209722858981,1,-1,-1,-1
178,39,103.2001000512836,174.8636019006024,69.02259547424158,162.3846596017666,1,-1,-1,-1
178,28,71.35881996056906,169.9198632156485,69.7728782994274,168.5483421264603,1,-1,-1,-1
179,39,110.0423017054042,174.1834138226879,65.67039168185784,161.0987978524785,1,-1,-1,-1
179,28,83.94499058628699,181.2226428631985,67.65143971228407,167.1100448350814,1,-1,-1,-1
180,39,115.3406174961281,173.8293986306894,63.50819582381376,160.4023232621905,1,-1,-1,-1
180,28,84.40159520469562,186.0863136372935,66.58968591328417,165.6554657438631,1,-1,-1,-1
181,39,124.0444891243613,172.3650758861139,61.91581782926468,159.4509376880752,1,-1,-1,-1
181,28,79.67103619202616,188.4894973472644,67.35013814299344,163.7685361742026,1,-1,-1,-1
182,39,114.3602346516965,172.9548779397082,62.64765224552251,159.9577915637952,1,-1,-1,-1
182,28,70.61619689081999,189.1459222985809,69.81794521221205,163.0226959313495,1,-1,-1,-1
183,39,129.179082376463,172.2134558419227,63.06760385167973,158.9594568335276,1,-1,-1,-1
183,28,61.51899552683195,191.1176003348285,73.48028297321129,162.3834378668384,1,-1,-1,-1
184,39,136.5817222352254,173.3639116766351,64.1707138367926,158.65932208661,1,-1,-1,-1
184,28,61.69727648456142,191.9436393569639,73.79583455503926,163.0807725613744,1,-1,-1,-1
185,39,140.5892975097136,173.8792097631155,66.13836982470822,158.8718296741334,1,-1,-1,-1
185,28,51.25408748188524,191.9473050491156,77.70701558922798,163.3591284601923,1,-1,-1,-1
186,39,128.095887887388,170.9116789494812,66.55057830945843,161.8984298096312,1,-1,-1,-1
186,28,50.64651444030525,192.6622728032597,78.05899026866564,164.0990652141263,1,-1,-1,-1
187,39,127.0147678754271,170.708570881944,67.41023748245266,164.1376047026577,1,-1,-1,-1
188,39,129.7879008306508,170.3295855942574,69.33487518998817,165.8784114281597,1,-1,-1,-1
188,28,37.42171983275041,191.5569387270953,79.92892330435825,164.5614994458055,1,-1,-1,-1
189,39,132.99283400875,170.5677817998104,70.19211222316086,166.6253879138135,1,-1,-1,-1
189,28,34.23850475382257,192.0009273896719,78.02278378008411,163.3894951006487,1,-1,-1,-1
190,39,137.4255929331825,170.3245888715495,71.9409887500141,167.5932670509916,1,-1,-1,-1
190,28,29.91229922294616,191.9960442029045,75.61511266766058,163.2742942109433,1,-1,-1,-1
191,39,140.8132183558066,170.2330176593726,73.48226751915679,168.0432466015639,1,-1,-1,-1
191,28,24.85626382312026,191.7238338566891,73.35362946555671,163.8398849823489,1,-1,-1,-1
192,39,144.4971187962416,169.857165869326,73.58378240691893,168.6493631638417,1,-1,-1,-1
192,28,19.04612465893183,191.5105653522398,72.04431886418193,164.2171752482172,1,-1,-1,-1
193,39,149.4547239076155,169.4446448875634,74.17981065834289,169.6165899776343,1,-1,-1,-1
193,28,12.9711486986333,191.8909398730053,71.29938964992111,164.1108942164468,1,-1,-1,-1
194,39,154.5275993016758,169.0940063861323,72.6390058960604,169.712066530429,1,-1,-1,-1
194,28,9.800567809245962,192.1561239395085,71.53654613647187,164.6567609239764,1,-1,-1,-1
195,39,160.9514812454341,167.3904216010032,71.30962055923793,169.8480655287236,1,-1,-1,-1
195,28,2.802344687002879,194.144633135825,71.35726851642168,163.3314913035195,1,-1,-1,-1
196,39,167.5193604531376,166.1893583348046,70.41195840466197,170.4963782228823,1,-1,-1,-1
196,28,-1.321764974452975,195.2875763763485,71.42668345035803,162.2041159209323,1,-1,-1,-1
197,39,171.8161292371796,165.4455073021723,70.1361030685007,171.436621028032,1,-1,-1,-1
197,28,-4.929496501160955,196.130537292669,71.58850901028654,161.4025272487655,1,-1,-1,-1
198,39,175.4929484092439,164.9329020467998,70.26291720679014,172.4400725571841,1,-1,-1,-1
198,28,-8.506861664505792,196.4779112395332,71.8035126689723,161.8872717190634,1,-1,-1,-1
199,39,180.6564909853978,164.9631728200348,71.00874633543071,172.5779665546102,1,-1,-1,-1
200,39,188.0117372706997,165.303469838992,72.19427578308196,171.9986573116973,1,-1,-1,-1
201,39,192.3260825446034,167.018586420463,73.67208011150404,171.7115020555604,1,-1,-1,-1
