0, 151.04214477539062,63.715904235839844,277.33203125,407.05474853515625,0.9258288145065308
0, 99.0136947631836,176.0581512451172,132.45176696777344,257.67694091796875,0.7290856242179871
0, 132.67877197265625,182.24606323242188,157.38906860351562,244.97637939453125,0.6883109211921692
0, 30.164960861206055,182.48556518554688,62.82667541503906,255.84637451171875,0.5709781050682068
0, 142.5911865234375,97.518798828125,242.00576782226562,373.107421875,0.4610126316547394
0, 11.218724250793457,176.33126831054688,38.139564514160156,243.1751251220703,0.45455291867256165
1, 143.01187133789062,53.19831466674805,272.86871337890625,411.1148986816406,0.9032059907913208
1, 96.96110534667969,172.35317993164062,130.60777282714844,252.9003143310547,0.7226496934890747
1, 132.7654571533203,178.27809143066406,157.69227600097656,240.15414428710938,0.612699031829834
1, 30.312313079833984,176.0997314453125,62.955501556396484,250.82327270507812,0.5115883946418762
1, 10.658024787902832,170.080078125,38.65520095825195,238.1650390625,0.31816813349723816
2, 135.7612762451172,43.164424896240234,267.99774169921875,414.80810546875,0.9174932837486267
2, 96.73805236816406,169.81558227539062,129.89840698242188,249.86837768554688,0.7715133428573608
2, 27.424692153930664,173.04727172851562,59.88016128540039,248.31033325195312,0.5834714770317078
2, 132.7260284423828,176.2104034423828,156.3809051513672,237.25917053222656,0.581096887588501
2, 131.16908264160156,78.7607192993164,234.12220764160156,373.3025817871094,0.4935959577560425
3, 138.24156188964844,37.10837936401367,271.6099548339844,427.03497314453125,0.8778790235519409
3, 103.29016876220703,171.90042114257812,136.02186584472656,254.18263244628906,0.7169104218482971
3, 132.86312866210938,78.25222778320312,238.42347717285156,380.0283203125,0.6454900503158569
3, 33.24272155761719,178.01109313964844,66.33821868896484,253.3832550048828,0.5245732069015503
4, 138.6193389892578,32.37006759643555,277.3885498046875,431.4826965332031,0.8898611664772034
4, 130.19517517089844,71.04742431640625,241.2936553955078,386.75604248046875,0.6850519776344299
4, 106.34778594970703,167.82843017578125,139.94940185546875,252.08462524414062,0.6193572282791138
5, 138.97964477539062,19.966609954833984,283.7499694824219,437.8547058105469,0.8872424960136414
5, 134.322998046875,61.12458801269531,249.9386444091797,390.57012939453125,0.6005041599273682
6, 144.25929260253906,15.782722473144531,297.1607666015625,442.15008544921875,0.8773462772369385
7, 155.79342651367188,2.936115026473999,310.9334411621094,448.9252624511719,0.9001888632774353
8, 169.7377471923828,-4.3901519775390625,328.3941345214844,456.3788146972656,0.9128902554512024
8, 20.919893264770508,176.3590850830078,41.2772216796875,225.38002014160156,0.3197285830974579
9, 180.72604370117188,3.4398958683013916,349.02972412109375,486.2870788574219,0.8625541925430298
9, 55.041236877441406,175.70977783203125,83.56951904296875,243.8287353515625,0.5081596970558167
9, 94.33146667480469,176.2643280029297,118.71044158935547,243.47862243652344,0.4684065282344818
10, 202.2377166748047,-10.947303771972656,371.2852783203125,493.6556701660156,0.7626047730445862
10, 127.05721282958984,182.03916931152344,157.11520385742188,257.58172607421875,0.7298561334609985
10, 113.15909576416016,177.10186767578125,138.31675720214844,243.59713745117188,0.6209206581115723
10, 73.45941925048828,175.46742248535156,102.79647827148438,243.70501708984375,0.5497596263885498
11, 204.5487518310547,181.8440399169922,237.17691040039062,263.0230407714844,0.8056444525718689
11, 142.508544921875,185.8786163330078,172.02464294433594,260.9603576660156,0.749944806098938
11, 223.73614501953125,-13.676056861877441,393.6913757324219,496.1422119140625,0.6966128945350647
11, 92.03292846679688,179.2560577392578,120.71334838867188,247.61940002441406,0.6709215044975281
11, 126.41568756103516,180.19033813476562,151.65151977539062,247.1334228515625,0.6159195303916931
12, 155.72607421875,186.72528076171875,184.81216430664062,259.595947265625,0.7932201623916626
12, 217.67713928222656,181.9245147705078,249.25628662109375,262.2439270019531,0.7862139940261841
12, 105.72599792480469,179.62144470214844,133.72938537597656,247.03115844726562,0.7120859026908875
12, 235.33383178710938,-16.210983276367188,414.1697998046875,498.7753601074219,0.6747918128967285
12, 140.87538146972656,180.6848907470703,166.20448303222656,246.9669952392578,0.6599292755126953
13, 232.55123901367188,181.98251342773438,264.95672607421875,262.5919189453125,0.8252125978469849
13, 170.799560546875,188.1576690673828,200.99871826171875,262.1842041015625,0.7213128805160522
13, 156.88711547851562,182.2499237060547,181.66790771484375,250.043701171875,0.6570175886154175
13, 123.93514251708984,183.32546997070312,151.55458068847656,248.4702911376953,0.6273295879364014
13, 248.4800567626953,-21.449342727661133,432.17413330078125,491.1395568847656,0.6232724785804749
14, 245.46920776367188,186.21067810058594,276.477294921875,266.4012451171875,0.756615161895752
14, 134.31483459472656,186.50753784179688,161.5767822265625,253.2037353515625,0.7119309902191162
14, 167.87742614746094,188.03126525878906,191.94166564941406,252.07801818847656,0.7033928036689758
14, 183.3134765625,192.41310119628906,212.599853515625,266.765380859375,0.689862072467804
14, 259.23162841796875,-29.328948974609375,447.2358093261719,486.8170166015625,0.6645976901054382
14, 121.84385681152344,199.55233764648438,140.89178466796875,245.98208618164062,0.30348140001296997
15, 249.26731872558594,185.14585876464844,280.79278564453125,266.53680419921875,0.7990627884864807
15, 189.77386474609375,192.0169677734375,218.90509033203125,266.7563781738281,0.7515305280685425
15, 140.44598388671875,186.93382263183594,168.16773986816406,253.10374450683594,0.6997058391571045
15, 270.02490234375,-41.32240676879883,461.92022705078125,486.1000061035156,0.6725480556488037
15, 173.81820678710938,188.0503387451172,197.98497009277344,252.20509338378906,0.6527796983718872
16, 192.80812072753906,192.2472381591797,221.88885498046875,264.88421630859375,0.7614891529083252
16, 252.2895965576172,185.4552459716797,284.3059997558594,264.8858642578125,0.7554680109024048
16, 177.2668914794922,187.72964477539062,201.37220764160156,251.36744689941406,0.7415081858634949
16, 143.3563232421875,184.90980529785156,171.8404998779297,252.84005737304688,0.7383170127868652
16, 269.1366271972656,-46.072017669677734,469.0674743652344,490.7584228515625,0.7275579571723938
17, 254.2449951171875,181.670166015625,287.07733154296875,263.340087890625,0.8289058208465576
17, 193.36114501953125,188.85292053222656,222.55979919433594,262.75091552734375,0.7970809936523438
17, 269.1919250488281,-51.9669303894043,475.0815734863281,496.34539794921875,0.7619886994361877
17, 146.26210021972656,183.24609375,173.7826385498047,249.70994567871094,0.7492614388465881
17, 179.01280212402344,183.99830627441406,203.7301483154297,249.46151733398438,0.7014206647872925
18, 255.67730712890625,182.2919921875,287.25750732421875,262.5602111816406,0.811196506023407
18, 180.07179260253906,183.1412811279297,204.7040252685547,249.07550048828125,0.7650033831596375
18, 271.9594421386719,-58.61428451538086,485.1148376464844,502.62615966796875,0.7582598328590393
18, 146.46990966796875,183.0985565185547,174.65017700195312,249.49147033691406,0.7476111054420471
18, 195.81068420410156,188.34188842773438,224.86151123046875,262.68212890625,0.7314068675041199
19, 258.1694030761719,182.0468292236328,290.0862121582031,263.1563720703125,0.8361673355102539
19, 196.86569213867188,188.77162170410156,225.9151611328125,263.1877136230469,0.7815245389938354
19, 149.24501037597656,183.0294952392578,177.8452911376953,249.93655395507812,0.7619231939315796
19, 182.40939331054688,183.69142150878906,207.2275848388672,249.2524871826172,0.7605447173118591
19, 277.204833984375,-62.66505813598633,492.16259765625,506.6305236816406,0.7071455717086792
20, 261.0332946777344,181.63555908203125,292.9610900878906,263.339599609375,0.8273022174835205
20, 199.63717651367188,188.63168334960938,229.5308074951172,263.8810119628906,0.7841624617576599
20, 152.45089721679688,183.62710571289062,180.69873046875,249.77024841308594,0.7561865448951721
20, 185.32406616210938,184.2607879638672,210.05523681640625,249.71017456054688,0.6827816367149353
20, 283.6756896972656,-52.404022216796875,504.40899658203125,515.3745727539062,0.6262097954750061
21, 202.1002655029297,188.56582641601562,231.5895233154297,263.3798828125,0.8334133625030518
21, 262.32080078125,181.737060546875,293.56414794921875,263.38604736328125,0.8223587870597839
21, 186.86825561523438,184.3443145751953,210.75213623046875,248.38743591308594,0.7419770956039429
21, 153.4071044921875,182.97848510742188,180.83160400390625,249.5379638671875,0.6961380839347839
21, 288.3609619140625,-48.331729888916016,511.98858642578125,530.3368530273438,0.5369776487350464
22, 263.6344299316406,181.31773376464844,296.6928405761719,264.97265625,0.8332390189170837
22, 294.4080810546875,-56.72391128540039,525.1915283203125,532.5562133789062,0.7180076241493225
23, 287.7784423828125,-74.21229553222656,538.2096557617188,536.9827270507812,0.7560477256774902
24, 290.7015380859375,-72.44578552246094,547.9417114257812,548.0984497070312,0.8431370854377747
25, 283.1489562988281,-75.21370697021484,555.7738037109375,570.060791015625,0.8910049796104431
26, 268.2719421386719,-92.02862548828125,562.6150512695312,580.6776123046875,0.8329669833183289
27, 256.4459228515625,-107.48323059082031,586.025146484375,596.1964721679688,0.8205341696739197
28, 258.88897705078125,-119.00853729248047,590.8817138671875,595.1434936523438,0.7546822428703308
28, 206.1317596435547,188.80470275878906,234.80589294433594,267.5283508300781,0.6885437369346619
28, 156.73992919921875,182.35452270507812,184.3241729736328,251.82273864746094,0.6463489532470703
28, 189.39524841308594,182.28919982910156,214.88719177246094,251.9417266845703,0.5807617902755737
29, 204.9126739501953,190.3946075439453,235.01068115234375,266.8828125,0.7505999803543091
29, 256.60980224609375,-117.00871276855469,592.837646484375,598.995849609375,0.7194266319274902
29, 155.2192840576172,184.14126586914062,184.1521453857422,253.79415893554688,0.6987793445587158
29, 262.1181335449219,180.0596923828125,298.3334655761719,270.51458740234375,0.6976205706596375
29, 189.47213745117188,185.98753356933594,214.00856018066406,252.0517578125,0.6867315173149109
30, 251.2405242919922,-122.94538116455078,585.317138671875,599.2975463867188,0.7320630550384521
30, 189.68247985839844,186.1449432373047,213.8222198486328,251.5777587890625,0.7002845406532288
30, 155.25767517089844,184.08108520507812,183.94140625,253.78126525878906,0.6964206099510193
30, 205.0027313232422,190.0539093017578,234.6485595703125,266.7049560546875,0.6921747326850891
30, 260.08489990234375,180.83523559570312,295.7670593261719,269.5400695800781,0.6792929768562317
31, 251.68710327148438,-115.611328125,598.3359985351562,591.4872436523438,0.7334648370742798
31, 155.4416961669922,183.9125518798828,184.00770568847656,254.4969482421875,0.718571126461029
31, 262.0406188964844,180.85220336914062,298.3263244628906,270.0789489746094,0.7097432613372803
31, 189.75753784179688,187.18649291992188,213.8144073486328,251.8577880859375,0.6819943189620972
31, 205.45941162109375,190.8779296875,234.90103149414062,267.08868408203125,0.6813618540763855
32, 257.69268798828125,-111.24754333496094,605.156005859375,600.1179809570312,0.7615452408790588
32, 260.0385437011719,181.85520935058594,294.8818664550781,269.5993957519531,0.7349013686180115
32, 203.2571258544922,190.94349670410156,232.57937622070312,267.0118713378906,0.7177786827087402
32, 189.18492126464844,185.98995971679688,213.8426513671875,252.10385131835938,0.7165188193321228
32, 155.28985595703125,183.8436279296875,183.5066680908203,254.22230529785156,0.6735002994537354
32, 171.87998962402344,191.3112335205078,193.4373016357422,247.30776977539062,0.3410084545612335
33, 268.682373046875,-120.75054931640625,626.2968139648438,602.9974365234375,0.8500989675521851
33, 202.73916625976562,190.6525115966797,232.6824493408203,267.2283020019531,0.8170743584632874
33, 257.0024719238281,182.5665283203125,292.4533386230469,269.63641357421875,0.7661340832710266
33, 153.5654296875,184.0715789794922,180.8966522216797,253.9308624267578,0.7286457419395447
33, 188.67527770996094,185.78004455566406,213.93150329589844,252.6300811767578,0.7052512168884277
33, 169.8385009765625,191.55792236328125,190.48036193847656,246.88510131835938,0.32609161734580994
34, 278.31878662109375,-114.24649810791016,630.0430908203125,596.7962646484375,0.8438181281089783
34, 257.169189453125,183.08534240722656,292.0741882324219,269.2359619140625,0.8315925002098083
34, 203.12033081054688,191.2693634033203,232.46327209472656,266.8446960449219,0.8292025923728943
34, 188.99319458007812,185.5946807861328,213.9943084716797,252.89004516601562,0.756024956703186
34, 155.16958618164062,184.58447265625,183.37648010253906,253.89695739746094,0.7058382630348206
34, 169.16812133789062,191.95263671875,190.1154327392578,247.00689697265625,0.31893327832221985
35, 298.7663269042969,-103.49034881591797,641.2830200195312,592.5468139648438,0.8531059622764587
35, 253.49729919433594,183.06051635742188,289.59564208984375,269.3768615722656,0.815520703792572
35, 201.91246032714844,190.15765380859375,233.10597229003906,267.7271423339844,0.8146969079971313
35, 188.55320739746094,186.20553588867188,213.50416564941406,252.69947814941406,0.6752209663391113
35, 152.51593017578125,181.92872619628906,181.5169677734375,257.2884216308594,0.532608151435852
35, 301.4149475097656,189.09024047851562,328.3454284667969,255.82662963867188,0.4750305414199829
36, 309.7793273925781,-103.08776092529297,649.3311157226562,592.4287719726562,0.854981541633606
36, 253.51162719726562,182.67837524414062,289.2503662109375,269.72528076171875,0.8545216917991638
36, 201.6856231689453,189.82911682128906,232.4904327392578,267.8206481933594,0.545278787612915
36, 299.6594543457031,189.02191162109375,325.5526123046875,256.1108703613281,0.46565741300582886
36, 151.86416625976562,180.4187774658203,182.159423828125,259.09661865234375,0.4334752559661865
36, 287.92913818359375,-8.337640762329102,449.09375,465.50750732421875,0.42777109146118164
36, 187.91172790527344,184.80796813964844,214.2894744873047,254.23179626464844,0.3380500078201294
37, 332.3318786621094,-94.1405258178711,658.5333251953125,583.8720092773438,0.8681924939155579
37, 293.0010070800781,-12.927059173583984,464.7097473144531,477.3863220214844,0.6354951858520508
37, 254.25257873535156,180.906494140625,287.69061279296875,264.21722412109375,0.39817312359809875
37, 299.4634094238281,180.3790283203125,330.4200134277344,258.8137512207031,0.306135892868042
38, 340.5012512207031,-88.86769104003906,663.1256103515625,585.0187377929688,0.8681545257568359
38, 292.1848449707031,-11.1819429397583,471.66094970703125,481.9828796386719,0.7408809065818787
38, 253.74313354492188,180.23023986816406,288.47515869140625,264.54168701171875,0.34731951355934143
39, 350.7191162109375,-85.14014434814453,665.2754516601562,581.0821533203125,0.8357940316200256
39, 292.6354064941406,-14.917366981506348,477.17132568359375,486.180908203125,0.8155589699745178
40, 293.6402587890625,-17.36382484436035,476.408203125,500.96405029296875,0.8774899244308472
40, 364.7174987792969,-86.83495330810547,664.030517578125,570.3380737304688,0.8450323343276978
41, 293.6572265625,-15.900788307189941,476.40338134765625,505.75335693359375,0.8695645928382874
41, 372.29840087890625,-85.27986145019531,663.0919799804688,562.7532348632812,0.8689956665039062
41, 154.7950897216797,184.38780212402344,184.7525177001953,254.4192352294922,0.5640847682952881
42, 382.72393798828125,-83.52169036865234,659.4937133789062,560.5696411132812,0.9119695425033569
42, 298.1009216308594,-12.67483139038086,484.72698974609375,514.8402099609375,0.8310462832450867
42, 152.3899688720703,184.77149963378906,181.90269470214844,253.5330810546875,0.7416806221008301
42, 185.7357940673828,186.32711791992188,211.84371948242188,252.6460418701172,0.6718212962150574
42, 201.44369506835938,189.21864318847656,233.14950561523438,267.9485778808594,0.6071381568908691
43, 391.3849182128906,-74.02029418945312,657.2794799804688,556.902099609375,0.8734033703804016
43, 242.77406311035156,181.00929260253906,279.60919189453125,272.18505859375,0.8097207546234131
43, 297.9234924316406,-12.300549507141113,472.0897521972656,514.2982177734375,0.7938635945320129
43, 202.6639404296875,190.177490234375,232.89544677734375,267.7527770996094,0.7384990453720093
43, 153.21014404296875,185.05758666992188,181.0603790283203,253.00543212890625,0.6682686805725098
43, 186.35025024414062,186.08621215820312,211.63919067382812,252.29115295410156,0.6536962389945984
44, 394.21270751953125,-76.38423919677734,660.8656616210938,565.427001953125,0.898454487323761
44, 240.95042419433594,180.6620635986328,275.7942810058594,271.65521240234375,0.8631070256233215
44, 298.826416015625,-13.206367492675781,471.3024597167969,515.2373046875,0.8145632147789001
44, 203.44680786132812,190.77166748046875,232.26727294921875,266.83880615234375,0.718305230140686
44, 186.6987762451172,186.2187957763672,211.39398193359375,252.17926025390625,0.654412031173706
44, 153.56483459472656,185.0823516845703,180.9219970703125,253.07464599609375,0.6156676411628723
44, 299.4975280761719,186.37107849121094,325.3385314941406,253.86024475097656,0.6108809113502502
45, 397.1036071777344,-66.7445068359375,663.7119140625,562.5365600585938,0.9186517596244812
45, 299.73846435546875,-13.66752815246582,470.31793212890625,515.7412109375,0.8670225739479065
45, 239.88299560546875,179.92601013183594,275.8219909667969,271.8955383300781,0.8322787880897522
45, 203.10250854492188,191.0740509033203,232.5235595703125,266.8533935546875,0.6881968379020691
45, 186.67811584472656,186.59890747070312,211.41537475585938,252.04006958007812,0.6380234360694885
45, 299.72332763671875,186.98912048339844,325.3435363769531,253.20863342285156,0.636914074420929
45, 153.32171630859375,184.4973907470703,181.07443237304688,253.3173828125,0.6035386323928833
46, 395.69793701171875,-59.400142669677734,658.9537963867188,561.6102294921875,0.910652756690979
46, 301.70111083984375,-13.223593711853027,468.1470642089844,515.4210815429688,0.8753647208213806
46, 236.6128692626953,179.9895782470703,273.3545227050781,272.2234191894531,0.8642849326133728
46, 186.3988800048828,186.75006103515625,211.55441284179688,252.42042541503906,0.677463710308075
46, 203.27513122558594,190.9644317626953,232.54403686523438,267.1617431640625,0.6537662148475647
46, 152.95172119140625,184.24766540527344,181.6728973388672,253.699951171875,0.6509080529212952
46, 299.7361145019531,189.65126037597656,325.12396240234375,254.42218017578125,0.6244962811470032
47, 301.9186096191406,-12.221356391906738,467.8380432128906,514.4081420898438,0.8649646639823914
47, 398.3134765625,-54.176841735839844,656.2897338867188,550.0953979492188,0.8554684519767761
47, 236.88040161132812,181.1210174560547,272.70220947265625,271.9833679199219,0.7728353142738342
47, 155.33006286621094,185.3778839111328,183.61793518066406,252.96395874023438,0.6522263288497925
47, 186.4186553955078,186.91612243652344,211.69691467285156,252.4749298095703,0.6435315608978271
47, 299.6336975097656,189.6460723876953,325.42474365234375,254.64556884765625,0.6410706639289856
47, 205.6280517578125,191.0369415283203,234.2978973388672,267.0433349609375,0.48851656913757324
48, 301.00146484375,-13.999815940856934,468.91986083984375,516.0747680664062,0.8616461753845215
48, 398.93658447265625,-48.20293045043945,649.022705078125,537.79736328125,0.8392606973648071
48, 233.57814025878906,181.0072784423828,270.47332763671875,275.7580261230469,0.8155369162559509
48, 155.19097900390625,184.52987670898438,183.8387908935547,253.55532836914062,0.6882923245429993
48, 186.03289794921875,186.43161010742188,211.7530975341797,252.68038940429688,0.6759843826293945
48, 202.77980041503906,190.48526000976562,232.91746520996094,267.9052734375,0.6593245267868042
48, 299.47296142578125,189.16770935058594,325.6713562011719,254.9247589111328,0.5688198208808899
49, 300.84808349609375,-11.704010963439941,468.8767395019531,519.650634765625,0.8324071764945984
49, 400.48858642578125,-47.88844680786133,647.6776123046875,537.6328125,0.7986472249031067
49, 233.40829467773438,179.42117309570312,269.64239501953125,273.49273681640625,0.7957599759101868
49, 202.5791778564453,190.7147216796875,232.91317749023438,267.88104248046875,0.6917733550071716
49, 155.3988800048828,184.76919555664062,183.72434997558594,253.5365753173828,0.6885098814964294
49, 186.20941162109375,187.53509521484375,211.30801391601562,251.8247833251953,0.6576181650161743
49, 299.242431640625,188.3915557861328,326.0048522949219,255.6607666015625,0.5907020568847656
50, 230.38150024414062,176.87020874023438,267.0334167480469,274.8574523925781,0.8773103356361389
50, 302.8422546386719,-15.056744575500488,473.185546875,517.0728759765625,0.8312510251998901
50, 405.9677429199219,-47.251914978027344,648.1510009765625,530.6953735351562,0.8275106549263
50, 202.04827880859375,190.28591918945312,232.65382385253906,268.60870361328125,0.7188163995742798
50, 185.9835662841797,186.64564514160156,211.01451110839844,252.1265411376953,0.698928952217102
50, 155.23480224609375,184.65133666992188,183.8116455078125,253.5432586669922,0.6773350238800049
50, 299.47637939453125,185.3935546875,326.001708984375,254.18710327148438,0.586026668548584
51, 411.4418640136719,-44.9611930847168,649.287353515625,522.2320556640625,0.8722785115242004
51, 226.48851013183594,175.03359985351562,265.669677734375,276.0371398925781,0.868453323841095
51, 301.5074157714844,-12.85427474975586,468.2471923828125,514.7863159179688,0.8619383573532104
51, 185.77151489257812,186.57223510742188,210.85198974609375,252.2847137451172,0.6737703680992126
51, 155.03907775878906,184.75860595703125,183.80853271484375,253.37765502929688,0.6633337140083313
51, 299.584228515625,186.20457458496094,325.80902099609375,254.0145721435547,0.6451000571250916
51, 201.5850830078125,190.1039276123047,232.5703582763672,268.8396301269531,0.6258285045623779
52, 417.3739013671875,-34.82170486450195,649.2794189453125,518.3579711914062,0.8680744767189026
52, 225.1232452392578,174.79595947265625,265.28009033203125,276.4163513183594,0.8573707342147827
52, 300.8926696777344,-11.527892112731934,468.8632507324219,513.5034790039062,0.849581241607666
52, 155.02244567871094,184.12025451660156,184.05625915527344,253.82643127441406,0.7183199524879456
52, 199.1018829345703,190.11544799804688,229.98036193847656,268.9303894042969,0.6795250773429871
52, 185.43275451660156,186.59848022460938,210.8559112548828,252.33853149414062,0.6450903415679932
52, 299.5149230957031,186.2816619873047,326.00238037109375,253.965087890625,0.5948163866996765
53, 221.04298400878906,174.14651489257812,263.4447021484375,277.3625183105469,0.8765054941177368
53, 301.26715087890625,-9.704475402832031,468.1427001953125,511.79473876953125,0.8596130609512329
53, 424.4690856933594,-26.79936981201172,635.8511962890625,498.0223083496094,0.8125578165054321
53, 155.07945251464844,184.37217712402344,183.837158203125,253.64048767089844,0.652240514755249
53, 198.67893981933594,189.2821502685547,230.05702209472656,269.4410095214844,0.6510620713233948
53, 185.40667724609375,186.63644409179688,210.38665771484375,251.46665954589844,0.624401330947876
53, 299.36700439453125,185.91403198242188,325.7826232910156,253.94024658203125,0.5868539810180664
54, 218.45155334472656,174.67276000976562,260.505126953125,276.9968566894531,0.8540626168251038
54, 433.166259765625,-12.427831649780273,633.5291137695312,496.3242492675781,0.8513359427452087
54, 300.1205749511719,-10.5993070602417,469.3242492675781,512.692626953125,0.8449036478996277
54, 155.13092041015625,184.69398498535156,183.768798828125,253.40293884277344,0.6444183588027954
54, 199.05892944335938,189.41273498535156,228.78494262695312,269.0628356933594,0.6227233409881592
54, 185.33412170410156,186.57965087890625,210.3839111328125,251.34263610839844,0.5884707570075989
54, 299.0956726074219,186.109375,325.812744140625,253.7054901123047,0.5804400444030762
55, 438.6217956542969,-7.737705230712891,628.0721435546875,491.6436462402344,0.8483155965805054
55, 300.73931884765625,-7.4841766357421875,468.60498046875,509.65093994140625,0.8412375450134277
55, 215.14173889160156,173.82794189453125,258.21990966796875,278.1434326171875,0.8300696015357971
55, 154.86251831054688,184.37063598632812,183.89483642578125,253.53216552734375,0.6254932880401611
55, 185.62547302246094,187.09762573242188,210.30809020996094,251.1182098388672,0.6006143689155579
55, 196.69577026367188,189.44219970703125,226.23410034179688,268.9587097167969,0.549088716506958
55, 299.29302978515625,185.90785217285156,325.497314453125,253.83094787597656,0.4681374728679657
56, 445.72735595703125,2.168541669845581,627.3245239257812,494.3101806640625,0.9074156880378723
56, 299.4864501953125,-7.089005947113037,469.8456726074219,509.29901123046875,0.8488015532493591
56, 211.46131896972656,172.50149536132812,255.56326293945312,278.638427734375,0.8209719061851501
56, 152.86036682128906,183.9730987548828,181.7638702392578,253.73277282714844,0.6376660466194153
56, 183.32354736328125,186.24366760253906,208.25527954101562,252.04896545410156,0.5882436633110046
56, 196.46726989746094,189.84657287597656,226.3738555908203,268.7376708984375,0.48119184374809265
56, 299.5035095214844,186.04698181152344,325.3077087402344,253.74697875976562,0.3844413757324219
57, 298.5908203125,-6.8548479080200195,470.7536315917969,509.030517578125,0.861335277557373
57, 447.770263671875,4.56175422668457,625.412109375,492.20086669921875,0.8541079163551331
57, 208.38888549804688,171.27615356445312,252.40032958984375,279.7275390625,0.8123176693916321
57, 155.0375518798828,184.7104034423828,184.0324249267578,253.3868865966797,0.6726107597351074
57, 183.24510192871094,186.42926025390625,208.2428741455078,252.41700744628906,0.5632068514823914
57, 299.36016845703125,185.64324951171875,325.8310546875,253.9262237548828,0.4652312099933624
57, 196.06222534179688,189.65306091308594,225.7830047607422,269.29217529296875,0.4053337872028351
58, 450.066650390625,7.946796417236328,623.123779296875,494.9171142578125,0.8776441812515259
58, 297.8788757324219,-6.766668319702148,471.4702453613281,509.0477600097656,0.8692594766616821
58, 208.5235137939453,170.1667938232422,250.70570373535156,280.4925842285156,0.7803188562393188
58, 155.03302001953125,184.9706573486328,184.16600036621094,253.4036102294922,0.7067331075668335
58, 183.0921173095703,186.950927734375,208.19851684570312,252.29403686523438,0.4686221480369568
58, 194.7937774658203,190.53248596191406,227.13075256347656,273.04217529296875,0.40225714445114136
58, 298.7823791503906,184.0994873046875,326.1455078125,255.44166564941406,0.372950941324234
59, 297.11181640625,-5.3389997482299805,472.065673828125,513.9932250976562,0.8843177556991577
59, 453.47271728515625,8.59070110321045,626.1428833007812,500.50213623046875,0.8495649695396423
59, 204.90869140625,169.35174560546875,248.3650665283203,281.12567138671875,0.8092509508132935
59, 155.01454162597656,184.66795349121094,184.35336303710938,253.64781188964844,0.7136448621749878
59, 192.19717407226562,190.6643524169922,223.99447631835938,273.91497802734375,0.5933540463447571
59, 184.8650360107422,185.87779235839844,210.7775115966797,252.8353729248047,0.4065178334712982
60, 293.267333984375,-4.776889801025391,469.8292236328125,513.5535278320312,0.8882415294647217
60, 454.5790100097656,11.882383346557617,624.9746704101562,491.07196044921875,0.8500690460205078
60, 202.00970458984375,169.15029907226562,244.98977661132812,281.8509826660156,0.8234196901321411
60, 154.98980712890625,184.83706665039062,184.4594268798828,253.64340209960938,0.6574873924255371
61, 291.47637939453125,-5.4498748779296875,471.47052001953125,514.0552978515625,0.872776210308075
61, 451.0477294921875,14.770679473876953,622.04248046875,487.88470458984375,0.8712782859802246
61, 193.74728393554688,168.90159606933594,241.55101013183594,282.6471862792969,0.8530044555664062
61, 154.89683532714844,185.48800659179688,184.13424682617188,253.3446502685547,0.6283461451530457
62, 453.2629699707031,15.149297714233398,626.1188354492188,487.4864196777344,0.8752335906028748
62, 290.3860168457031,-8.464730262756348,472.7021484375,517.0781860351562,0.859686017036438
62, 192.89071655273438,168.84242248535156,241.40635681152344,283.1549377441406,0.8468942046165466
62, 154.8349151611328,184.87319946289062,184.41195678710938,253.55575561523438,0.5281153321266174
62, 182.13133239746094,185.11962890625,215.02642822265625,266.5771179199219,0.40963634848594666
63, 453.33953857421875,15.55629825592041,632.4876708984375,487.0728759765625,0.8803765177726746
63, 286.9147033691406,-9.76441764831543,470.0567321777344,518.4345092773438,0.8659297823905945
63, 185.720947265625,165.78395080566406,236.98342895507812,285.310546875,0.826930820941925
63, 152.6157989501953,184.32740783691406,181.7456817626953,254.0553741455078,0.565140962600708
64, 445.93853759765625,14.571937561035156,639.699462890625,488.26153564453125,0.9202399253845215
64, 284.3639831542969,-6.156445026397705,466.3501892089844,521.005126953125,0.8736590147018433
64, 182.3005828857422,162.49603271484375,234.1868438720703,283.74365234375,0.8458846211433411
64, 152.89544677734375,184.5206298828125,181.16441345214844,253.6995391845703,0.532465398311615
65, 440.73541259765625,18.996946334838867,632.4842529296875,483.9273681640625,0.9138798117637634
65, 182.95071411132812,160.7753448486328,232.1878204345703,284.473876953125,0.8815504908561707
65, 280.75701904296875,-8.253315925598145,463.5771484375,517.094970703125,0.8758453130722046
65, 152.68589782714844,182.54759216308594,181.16111755371094,251.54322814941406,0.3936064839363098
66, 436.56512451171875,17.045957565307617,630.1154174804688,485.7770690917969,0.9101576209068298
66, 178.25131225585938,159.74671936035156,230.5914306640625,285.9698486328125,0.8936347365379333
66, 278.1956481933594,-8.23021125793457,459.7359924316406,516.715087890625,0.8496843576431274
66, 152.74900817871094,182.56781005859375,180.90966796875,251.5667266845703,0.4789697825908661
67, 426.7616271972656,17.852441787719727,627.4340209960938,491.1293029785156,0.9223110675811768
67, 173.328125,158.9620361328125,228.94435119628906,286.8875427246094,0.888093888759613
67, 275.9951477050781,-11.926700592041016,455.88372802734375,513.9988403320312,0.8341544270515442
67, 152.04164123535156,183.0815887451172,181.4566192626953,250.88063049316406,0.44235822558403015
68, 426.0754699707031,23.079402923583984,615.3082885742188,492.0899658203125,0.9241486191749573
68, 167.9353790283203,159.13815307617188,222.60244750976562,286.771240234375,0.8774758577346802
68, 273.05963134765625,-8.743171691894531,452.3067626953125,511.0715026855469,0.8554369211196899
68, 152.23179626464844,182.85987854003906,180.88829040527344,251.2207489013672,0.44469743967056274
69, 422.8161926269531,27.6197452545166,605.8617553710938,493.8303527832031,0.9210936427116394
69, 270.66253662109375,-8.514915466308594,448.2519836425781,510.890869140625,0.878667414188385
69, 167.07373046875,159.1171875,222.51565551757812,287.1300964355469,0.8575645685195923
69, 152.85122680664062,184.62176513671875,180.1653594970703,253.21218872070312,0.45276689529418945
70, 420.70758056640625,32.10862350463867,601.7827758789062,489.6141052246094,0.9177910089492798
70, 266.0390625,-7.478755474090576,440.23321533203125,503.7813720703125,0.8897368311882019
70, 160.28335571289062,157.72238159179688,216.97640991210938,288.5354309082031,0.8580330610275269
70, 150.19668579101562,183.29019165039062,177.8297119140625,250.86790466308594,0.4034040570259094
71, 418.9845886230469,35.88416290283203,596.8550415039062,485.6166076660156,0.9215062856674194
71, 261.9395446777344,-7.079561710357666,438.0615539550781,503.2013854980469,0.8890380263328552
71, 156.22097778320312,155.46319580078125,214.82630920410156,290.006591796875,0.8845254778862
72, 412.20123291015625,43.583892822265625,584.5623168945312,484.2460632324219,0.9220559000968933
72, 258.6231994628906,-2.3572473526000977,434.8985900878906,498.7134704589844,0.8993407487869263
72, 153.43063354492188,153.4992218017578,210.8842010498047,291.1841125488281,0.8808909058570862
73, 410.93780517578125,47.84897232055664,579.5765991210938,480.04486083984375,0.909700870513916
73, 258.65234375,3.911705732345581,428.497314453125,492.48638916015625,0.9055697917938232
73, 149.7100830078125,149.48390197753906,209.36602783203125,290.7063293457031,0.8857272863388062
74, 146.46963500976562,149.93380737304688,206.0624237060547,295.47467041015625,0.9107086062431335
74, 403.67559814453125,53.8236083984375,574.1406860351562,480.3872375488281,0.9015601873397827
74, 252.71023559570312,9.315220832824707,421.8255310058594,493.41021728515625,0.8954117894172668
75, 395.40814208984375,57.64754867553711,563.5911254882812,470.0318908691406,0.9365010261535645
75, 250.3811492919922,13.836335182189941,417.62432861328125,494.9982604980469,0.9000020623207092
75, 139.51300048828125,150.66180419921875,201.06631469726562,295.2410888671875,0.8876864910125732
76, 389.6555480957031,58.14802932739258,556.7174072265625,463.1560974121094,0.9086775779724121
76, 243.88365173339844,20.650461196899414,411.8044128417969,494.5657653808594,0.8993884921073914
76, 135.7981414794922,151.138427734375,197.9238739013672,299.99615478515625,0.8986406922340393
77, 385.52252197265625,62.7114372253418,548.0679931640625,451.8968811035156,0.9123563766479492
77, 238.43576049804688,23.812427520751953,404.7378845214844,491.5279541015625,0.9074938297271729
77, 133.31715393066406,150.68740844726562,193.8251953125,300.3675537109375,0.8906142115592957
78, 382.4208068847656,66.16194152832031,532.6941528320312,430.0741882324219,0.9370905756950378
78, 236.16661071777344,35.261409759521484,400.45751953125,492.6810607910156,0.9173451066017151
78, 126.13825988769531,146.61476135253906,188.39178466796875,299.74737548828125,0.8653691411018372
78, 158.83624267578125,174.41856384277344,200.46971130371094,283.8380432128906,0.3783849775791168
79, 383.3621520996094,71.05792999267578,525.6283569335938,430.97515869140625,0.9482936263084412
79, 233.4436798095703,39.3443717956543,390.3978271484375,482.30859375,0.9355139136314392
79, 122.07476806640625,144.3932647705078,185.82386779785156,301.2330627441406,0.9020365476608276
79, 159.47817993164062,174.4132080078125,199.8145294189453,284.4464111328125,0.5336719155311584
79, 182.018798828125,184.66265869140625,209.1512908935547,253.72088623046875,0.3476683795452118
80, 378.1198425292969,76.43388366699219,517.9483032226562,425.7713928222656,0.9407942295074463
80, 221.8461456298828,43.85404586791992,376.5144348144531,477.74072265625,0.9305793642997742
80, 115.49063110351562,142.58433532714844,180.12054443359375,303.1034851074219,0.9213474988937378
80, 158.14987182617188,175.25462341308594,200.7122802734375,287.9148254394531,0.7484878301620483
80, 181.8979034423828,184.51268005371094,209.3289794921875,253.7420654296875,0.4153035283088684
81, 213.64419555664062,47.15314865112305,359.8472595214844,468.0556945800781,0.9450816512107849
81, 372.9775085449219,81.86383819580078,510.63714599609375,426.6949768066406,0.9260815978050232
81, 107.0057373046875,144.67445373535156,175.75738525390625,306.3232116699219,0.9118431806564331
81, 157.44937133789062,174.0611114501953,201.11595153808594,289.2475280761719,0.8176219463348389
81, 181.55821228027344,184.38902282714844,209.0122833251953,255.26222229003906,0.5698697566986084
82, 203.17588806152344,53.88386535644531,351.2725830078125,466.9601135253906,0.9507161974906921
82, 368.4418640136719,91.20904541015625,502.3411560058594,423.83721923828125,0.9444515109062195
82, 96.17941284179688,145.71678161621094,168.0713653564453,305.67596435546875,0.8961708545684814
82, 153.829345703125,173.90316772460938,198.6276397705078,289.8299255371094,0.8450567722320557
82, 181.44833374023438,187.1149444580078,208.23077392578125,256.88916015625,0.45296943187713623
83, 365.7889404296875,94.84819793701172,498.7645263671875,419.8030700683594,0.9538204669952393
83, 196.6341094970703,58.89671325683594,345.2345275878906,468.04705810546875,0.9298474192619324
83, 97.087158203125,147.22059631347656,166.2128143310547,310.04296875,0.892867386341095
83, 150.7444610595703,173.11685180664062,196.42050170898438,291.54534912109375,0.8346567153930664
83, 180.80072021484375,186.93899536132812,208.4988555908203,257.2001647949219,0.5466555953025818
83, 3.49322772026062,194.52838134765625,33.10519027709961,261.841796875,0.3975486159324646
84, 360.5572509765625,96.89473724365234,491.1319580078125,411.3703918457031,0.948626697063446
84, 184.33860778808594,64.2787094116211,338.4835205078125,469.6139831542969,0.9207539558410645
84, 85.9650650024414,144.2645263671875,158.81112670898438,313.2684631347656,0.8956378698348999
84, 149.80389404296875,173.70755004882812,195.52232360839844,291.95635986328125,0.8017318844795227
84, 178.35678100585938,186.6848602294922,205.4950408935547,258.0278625488281,0.46632304787635803
84, 4.996065616607666,194.2103729248047,32.437530517578125,257.4662780761719,0.36375799775123596
85, 355.986572265625,96.21940612792969,483.2525634765625,399.6486511230469,0.9508042931556702
85, 175.48138427734375,67.26265716552734,328.3819885253906,466.4984436035156,0.9217550754547119
85, 76.36788177490234,143.14993286132812,150.24566650390625,314.9894714355469,0.9100793600082397
85, 143.36427307128906,173.17391967773438,191.04664611816406,297.1557922363281,0.8648316860198975
85, 7.385833263397217,192.75572204589844,36.200191497802734,259.66778564453125,0.3153938949108124
86, 349.7063903808594,95.51229095458984,476.94378662109375,394.5722351074219,0.9544293284416199
86, 163.4813232421875,65.16081237792969,321.5029602050781,468.4905700683594,0.9164897799491882
86, 71.6574935913086,143.01100158691406,141.7663116455078,315.0810852050781,0.90253084897995
86, 139.8933563232422,169.193359375,187.81553649902344,296.043701171875,0.8571638464927673
87, 347.5924377441406,98.7806625366211,472.43902587890625,396.88226318359375,0.9507822394371033
87, 154.79139709472656,66.22088623046875,311.2567138671875,460.9882507324219,0.9341318011283875
87, 64.20248413085938,138.4588623046875,136.2293701171875,319.49920654296875,0.8837230205535889
87, 139.94998168945312,168.1524658203125,187.07667541503906,296.68939208984375,0.8399277329444885
87, 297.84521484375,189.56272888183594,326.1589050292969,256.7720947265625,0.5728059411048889
88, 342.4786071777344,103.1712646484375,465.08477783203125,399.6488342285156,0.9550313949584961
88, 143.53428649902344,65.95532989501953,290.9932556152344,448.5840148925781,0.9519413113594055
88, 50.90468978881836,136.37796020507812,124.36473846435547,327.42724609375,0.8635091781616211
88, 298.4056396484375,188.82241821289062,326.2515563964844,258.0391540527344,0.7186442017555237
88, 137.86900329589844,168.69667053222656,183.20626831054688,296.3099670410156,0.5828670859336853
89, 140.55502319335938,65.76061248779297,287.78436279296875,448.5746154785156,0.9554658532142639
89, 342.9822998046875,106.06605529785156,464.5185852050781,402.53814697265625,0.95125412940979
89, 41.95545959472656,137.64083862304688,121.2993392944336,326.241943359375,0.875286340713501
89, 300.42401123046875,187.91128540039062,328.84771728515625,258.2026062011719,0.7384086847305298
89, 136.47647094726562,164.968505859375,184.36476135253906,299.7710266113281,0.5582461357116699
90, 141.03126525878906,68.59445190429688,287.22021484375,452.8965759277344,0.9549287557601929
90, 343.2250061035156,108.322265625,464.1094055175781,400.6880187988281,0.9339426755905151
90, 32.62141799926758,136.8248291015625,117.8419189453125,333.3345947265625,0.817939281463623
90, 300.80755615234375,187.7646484375,330.9282531738281,259.01556396484375,0.6938636898994446
90, 133.2455291748047,168.4563751220703,181.0292510986328,301.7882385253906,0.4894316494464874
91, 142.84786987304688,74.6242904663086,285.6491394042969,458.81524658203125,0.9621164798736572
91, 345.8475036621094,108.2684326171875,461.265869140625,400.1842346191406,0.9418005347251892
91, 31.31094741821289,137.06414794921875,112.57633972167969,333.3162536621094,0.8087994456291199
91, 306.7287902832031,190.6370391845703,335.4436950683594,259.5473327636719,0.7151751518249512
91, 132.6034698486328,165.12330627441406,181.87513732910156,305.7813415527344,0.6147857904434204
92, 146.56488037109375,76.55633544921875,281.6067810058594,457.23681640625,0.9418846964836121
92, 344.5261535644531,103.62686157226562,456.6494445800781,385.8644104003906,0.9294137954711914
92, 21.78483772277832,121.35661315917969,103.52027893066406,336.389892578125,0.8529630899429321
92, 311.3228759765625,187.5824737548828,338.5161437988281,256.5533752441406,0.731235682964325
92, 131.73129272460938,163.7027130126953,183.2730255126953,306.5607604980469,0.7171460390090942
93, 148.26573181152344,78.52195739746094,285.98199462890625,461.5570373535156,0.9376726746559143
93, 342.7201232910156,103.22051239013672,458.5063781738281,386.4845886230469,0.9351505637168884
93, 18.59244155883789,116.33887481689453,99.94552612304688,336.4324951171875,0.8603000044822693
93, 131.58151245117188,163.19479370117188,183.34744262695312,307.1037902832031,0.7950884103775024
93, 313.1404724121094,187.38929748535156,342.7212829589844,257.9668273925781,0.7328572273254395
94, 347.4323425292969,104.94547271728516,459.55401611328125,384.8387145996094,0.9252380728721619
94, 152.92454528808594,81.714111328125,287.8992004394531,439.66400146484375,0.8879584074020386
94, 9.242727279663086,110.72876739501953,97.08231353759766,340.9162292480469,0.8877450227737427
94, 134.02047729492188,160.60630798339844,186.73316955566406,309.2247009277344,0.8233345150947571
94, 320.20257568359375,187.0286407470703,348.9947509765625,258.99810791015625,0.7050202488899231
95, 157.8488311767578,81.03129577636719,289.62933349609375,427.9635009765625,0.9290676712989807
95, 346.1461181640625,108.11529541015625,461.0367431640625,387.6447448730469,0.9120966792106628
95, -4.5554022789001465,111.54479217529297,92.0203628540039,346.6290588378906,0.8739818334579468
95, 132.0749969482422,159.2042236328125,189.3743438720703,311.8840637207031,0.8392097353935242
95, 326.5015563964844,187.443603515625,355.0291442871094,258.9088134765625,0.7447275519371033
96, 156.99314880371094,84.94621276855469,290.55865478515625,428.9950256347656,0.9314162731170654
96, 345.5373840332031,111.91273498535156,461.93902587890625,390.2527160644531,0.8926453590393066
96, -8.04487419128418,110.24514770507812,88.96680450439453,353.7511901855469,0.8464166522026062
96, 133.96163940429688,159.2757110595703,193.03208923339844,316.69488525390625,0.8384966254234314
96, 332.5148620605469,187.04344177246094,360.9646911621094,259.13201904296875,0.6995948553085327
97, 158.3175048828125,84.7930679321289,295.7199401855469,429.84356689453125,0.9223970174789429
97, 347.4908752441406,110.95911407470703,466.232177734375,391.35430908203125,0.8995943069458008
97, -4.0508503913879395,108.33625030517578,91.24744415283203,343.32159423828125,0.7854936718940735
97, 133.89138793945312,157.94943237304688,193.22569274902344,313.2052917480469,0.7623416781425476
97, 338.6974182128906,187.79241943359375,366.6162109375,257.82763671875,0.6771645545959473
97, 85.2549057006836,191.88571166992188,114.91177368164062,260.2726745605469,0.4413869380950928
98, 169.10926818847656,94.1289291381836,303.6851501464844,439.5963439941406,0.9261441230773926
98, 354.153076171875,113.50779724121094,472.1156311035156,394.5904235839844,0.9167488813400269
98, 134.31549072265625,158.7978973388672,199.69276428222656,324.9461364746094,0.8289250731468201
98, 349.5327453613281,191.18466186523438,376.696044921875,260.57000732421875,0.572765052318573
98, -2.8252363204956055,106.30084991455078,90.36750793457031,345.6004333496094,0.5242589116096497
98, 101.34754180908203,193.1378173828125,130.3115692138672,265.2073669433594,0.5081325173377991
99, 172.0009765625,92.71648406982422,306.92242431640625,440.8311767578125,0.9317204356193542
99, 357.48028564453125,108.73966979980469,475.1058654785156,387.3675842285156,0.918440043926239
99, 136.5339813232422,153.4977569580078,203.0809326171875,324.26373291015625,0.8422184586524963
99, 108.3497085571289,192.78793334960938,137.02682495117188,263.91143798828125,0.585948646068573
99, 355.5809020996094,188.3319549560547,382.2366943359375,257.97161865234375,0.5683900117874146
100, 361.7990417480469,106.80628204345703,476.96929931640625,382.1058349609375,0.9403089284896851
100, 175.3433074951172,91.89053344726562,310.0357971191406,435.20458984375,0.9288114309310913
100, 138.58401489257812,150.2950439453125,201.1899871826172,325.9894714355469,0.8471062183380127
100, 117.23509216308594,189.408203125,147.9208221435547,262.96917724609375,0.5581232905387878
100, 363.067626953125,190.97181701660156,387.5984802246094,254.69761657714844,0.3441358208656311
100, -18.899084091186523,29.62625503540039,100.53204345703125,421.5838623046875,0.3323579728603363
101, 181.8482208251953,90.38716888427734,310.2470703125,418.12298583984375,0.9302381873130798
101, 363.23504638671875,105.8007583618164,475.88226318359375,384.0129699707031,0.9297180771827698
101, 133.33729553222656,146.9958038330078,200.36105346679688,330.3216857910156,0.8899338245391846
101, -20.574317932128906,26.069467544555664,114.7496566772461,432.2771301269531,0.6111692786216736
101, 128.1400604248047,192.38612365722656,155.82252502441406,260.43170166015625,0.3307325541973114
102, 184.66171264648438,87.4620590209961,313.6768798828125,414.983642578125,0.9444634318351746
102, 366.2933044433594,107.38981628417969,478.8399353027344,387.8040466308594,0.9036207795143127
102, 122.9926528930664,144.80360412597656,197.79983520507812,332.3954162597656,0.8965187668800354
102, -15.034830093383789,26.15764808654785,121.64969635009766,437.9627380371094,0.8282400369644165
103, 189.17047119140625,92.42650604248047,315.84716796875,421.55474853515625,0.9458425045013428
103, 368.1124572753906,115.01139831542969,477.03338623046875,386.527587890625,0.8749821782112122
103, 111.76142120361328,147.63372802734375,196.4402618408203,341.4245300292969,0.8697972893714905
103, -16.777475357055664,27.95622444152832,129.7217559814453,448.92547607421875,0.8581387400627136
103, 464.5755615234375,-48.58827209472656,664.8638916015625,505.63775634765625,0.34129971265792847
104, 191.49728393554688,89.51356506347656,319.1765441894531,424.7267761230469,0.9471602439880371
104, 105.45052337646484,141.26275634765625,190.2205810546875,342.30438232421875,0.9019905924797058
104, -13.804529190063477,23.858686447143555,133.1969757080078,447.07696533203125,0.8423522710800171
104, 363.4024658203125,112.84953308105469,475.339111328125,363.6949157714844,0.8379225134849548
104, 442.22607421875,-40.6306037902832,668.1567993164062,523.6027221679688,0.3401859998703003
105, 192.9109649658203,90.68252563476562,317.8270568847656,429.8141174316406,0.9387702941894531
105, 99.43529510498047,138.29063415527344,183.56407165527344,344.0418701171875,0.8561561703681946
105, 360.2152099609375,111.00070190429688,472.5739440917969,365.8992614746094,0.8547825813293457
105, -9.650089263916016,29.5358943939209,141.61196899414062,453.2669982910156,0.8262218236923218
105, 441.2875671386719,-44.84925842285156,675.767333984375,540.503173828125,0.3450048267841339
106, 193.29872131347656,88.54619598388672,317.5435485839844,425.99884033203125,0.9362798929214478
106, -8.490321159362793,28.467403411865234,146.84912109375,448.75006103515625,0.7985205054283142
106, 358.3299560546875,104.43601989746094,474.2451477050781,372.61639404296875,0.7972588539123535
106, 90.47068786621094,125.6524429321289,173.75538635253906,344.8584899902344,0.49329665303230286
106, 153.7785186767578,181.79051208496094,186.45191955566406,263.3188171386719,0.41991519927978516
106, 438.8775634765625,-39.81573486328125,665.0379028320312,541.3180541992188,0.3774090111255646
107, 193.72256469726562,81.55110168457031,317.0369567871094,414.4297790527344,0.918506920337677
107, -1.3286622762680054,31.886764526367188,152.19174194335938,426.2156677246094,0.8655874729156494
107, 351.8723449707031,98.2252426147461,468.3292236328125,372.4549255371094,0.737645149230957
107, 156.46165466308594,179.35414123535156,189.15516662597656,259.8492736816406,0.6553447246551514
107, 435.9039306640625,-59.354393005371094,661.5822143554688,535.8671264648438,0.36743077635765076
108, 193.39471435546875,81.01256561279297,317.748779296875,408.11627197265625,0.9392356872558594
108, 20.70140838623047,35.650390625,155.22947692871094,409.7433166503906,0.8571929931640625
108, 156.7357940673828,178.47996520996094,189.74484252929688,259.83135986328125,0.7269965410232544
108, 350.6609191894531,93.42998504638672,469.5998229980469,377.1817626953125,0.5785483717918396
108, 430.5191955566406,-49.17847442626953,661.3861083984375,538.4000244140625,0.4833190441131592
109, 197.50823974609375,89.2698974609375,319.9000244140625,412.2532958984375,0.9583591818809509
109, 351.8567810058594,101.67759704589844,468.2390441894531,381.404052734375,0.8252513408660889
109, 164.67849731445312,186.40199279785156,195.13095092773438,265.11114501953125,0.6768297553062439
109, 423.6625671386719,-55.92586135864258,654.4390869140625,532.5534057617188,0.4175936281681061
109, -18.94176483154297,-39.21681213378906,161.91680908203125,521.614501953125,0.30337846279144287
110, 196.33860778808594,82.37657928466797,320.8280334472656,406.7611389160156,0.9655517935752869
110, 349.5611877441406,98.05139923095703,463.84197998046875,360.54180908203125,0.8632786273956299
110, 169.51023864746094,179.4916229248047,201.22894287109375,259.634033203125,0.7549934983253479
110, -27.417421340942383,-39.004146575927734,179.3399658203125,540.6364135742188,0.5696834921836853
110, 416.85302734375,-69.44995880126953,655.936279296875,539.7123413085938,0.5393065810203552
111, 196.80784606933594,66.71337890625,320.16943359375,390.85467529296875,0.9515380263328552
111, 340.9391174316406,82.63005828857422,453.80096435546875,337.572998046875,0.7661080956459045
111, -16.344045639038086,-33.71747970581055,211.67176818847656,534.8538818359375,0.519450306892395
111, 413.2070007324219,-64.0802230834961,652.14599609375,528.0161743164062,0.41054731607437134
112, 192.23355102539062,42.19113540649414,318.8592529296875,371.2572937011719,0.897041380405426
112, 340.6255798339844,59.99665832519531,454.0218200683594,321.9119873046875,0.7249186635017395
112, -2.433607339859009,-43.83632278442383,241.06285095214844,532.1975708007812,0.5786887407302856
112, 407.02685546875,-72.15003967285156,651.7733154296875,517.7228393554688,0.37798672914505005
113, 187.72640991210938,12.316210746765137,310.2932434082031,344.74127197265625,0.8349770903587341
113, 331.520263671875,29.392337799072266,444.83172607421875,289.5187683105469,0.7950989603996277
113, -7.181243419647217,-31.489858627319336,138.555419921875,356.7392883300781,0.4576306641101837
113, 406.1396484375,-83.06399536132812,647.0171508789062,503.039306640625,0.41366302967071533
113, 24.38920021057129,-26.817344665527344,264.37274169921875,515.8613891601562,0.3637794256210327
114, 332.3961486816406,27.574979782104492,443.3612976074219,291.0617980957031,0.83705735206604
114, 7.326841831207275,-33.440486907958984,156.02598571777344,352.2841796875,0.7521779537200928
114, 81.19109344482422,-41.66958236694336,290.7802734375,448.9587097167969,0.5775299668312073
114, 189.7913818359375,5.471438884735107,308.47393798828125,338.3222351074219,0.4901343882083893
114, 399.52301025390625,-85.49613952636719,641.6437377929688,499.480224609375,0.46480700373649597
115, 121.27360534667969,-21.183116912841797,319.9876708984375,453.7590637207031,0.9086838960647583
115, 324.7449035644531,50.37115478515625,432.5378723144531,312.5837097167969,0.8449665904045105
115, 10.611886978149414,-2.164011001586914,152.98858642578125,371.5383605957031,0.8215594291687012
115, 391.6549072265625,-65.61214447021484,624.7919921875,516.7412109375,0.6445940732955933
116, 145.6760711669922,21.42889976501465,339.7959289550781,493.2449035644531,0.9115595817565918
116, 23.03178596496582,33.682342529296875,153.35108947753906,385.99713134765625,0.8917629718780518
116, 322.86328125,82.24299621582031,428.1101379394531,343.7275085449219,0.8095739483833313
116, 388.9400329589844,-46.71173095703125,609.0719604492188,511.3358154296875,0.6089790463447571
117, 34.22357940673828,44.84537887573242,160.83856201171875,387.7128601074219,0.9185062050819397
117, 169.79995727539062,44.276031494140625,372.11822509765625,502.1817932128906,0.8303699493408203
117, 333.9200744628906,97.87409973144531,435.40313720703125,359.7073059082031,0.763580858707428
117, 394.4288635253906,-46.86493682861328,608.9790649414062,529.6223754882812,0.7179386019706726
117, 187.77734375,77.98396301269531,304.1425476074219,386.67767333984375,0.4689076542854309
118, 19.36683464050293,37.48835754394531,150.3768768310547,382.41534423828125,0.9238757491111755
118, 324.4654541015625,94.96228790283203,425.5613708496094,356.2059020996094,0.7984774112701416
118, 182.75733947753906,38.52511978149414,378.2154541015625,482.7076110839844,0.7558560967445374
118, 380.2031555175781,-65.34538269042969,598.0648193359375,541.702880859375,0.6974585056304932
118, 181.05641174316406,70.60851287841797,291.9396057128906,362.18011474609375,0.4560016393661499
119, 15.093513488769531,38.78622817993164,148.5458221435547,387.3179931640625,0.9186027646064758
119, 181.5570526123047,72.69868469238281,284.5379638671875,391.15789794921875,0.8391092419624329
119, 225.3943634033203,47.1421012878418,386.0570373535156,442.2700500488281,0.7928795218467712
119, 375.95318603515625,-57.470863342285156,596.256591796875,534.1058959960938,0.7337495684623718
119, 325.9577331542969,94.30144500732422,424.4169921875,357.4202880859375,0.6238558888435364
120, 180.71595764160156,90.45466613769531,291.7705078125,412.1197814941406,0.9413450360298157
120, 12.238127708435059,60.01557159423828,144.91839599609375,404.3540344238281,0.9146983623504639
120, 262.63385009765625,70.38911437988281,405.48046875,450.4443359375,0.873870849609375
120, 373.8035583496094,-32.4019889831543,591.8792114257812,553.3534545898438,0.6847622990608215
120, 494.2307434082031,-10.193896293640137,667.431884765625,475.06561279296875,0.32755258679389954
120, 318.5963134765625,115.8477783203125,412.8427734375,380.2182312011719,0.32503649592399597
121, 185.68093872070312,108.2241439819336,299.7430419921875,425.4255676269531,0.9432123303413391
121, 11.186331748962402,81.66515350341797,139.5051727294922,414.3289489746094,0.9251447916030884
121, 281.63580322265625,87.73139190673828,437.07037353515625,476.98309326171875,0.7540482878684998
121, 382.67291259765625,-13.791460990905762,595.9197998046875,553.6818237304688,0.6440225839614868
121, 498.5822448730469,5.498049736022949,656.444580078125,478.0325012207031,0.4333275258541107
122, 183.0622100830078,101.76153564453125,296.5357971191406,406.2491760253906,0.9471423625946045
122, 2.0272514820098877,77.42625427246094,129.828369140625,399.5433044433594,0.921522855758667
122, 292.2872619628906,83.20866394042969,451.6130676269531,469.41534423828125,0.8973546028137207
122, 387.48583984375,-20.656206130981445,597.6975708007812,541.8204345703125,0.5803766250610352
122, 493.6683044433594,-9.068159103393555,655.0935668945312,479.7628479003906,0.4981449842453003
123, 179.70162963867188,88.52294921875,293.26141357421875,394.4583435058594,0.9529700875282288
123, -3.832557201385498,62.282562255859375,123.06310272216797,389.4222106933594,0.9240375757217407
123, 304.19244384765625,77.54895782470703,452.5016174316406,443.6656188964844,0.6770907044410706
123, 392.36004638671875,-35.36668395996094,611.3068237304688,531.1861572265625,0.5039064288139343
123, 491.8819885253906,-9.581433296203613,650.518310546875,474.1385192871094,0.37611186504364014
124, 173.2154998779297,78.03793334960938,293.150390625,386.590087890625,0.9602802991867065
124, -4.1572442054748535,53.20960235595703,110.54032135009766,379.8343200683594,0.8849323391914368
124, 307.94989013671875,98.3802261352539,404.5481262207031,359.0074768066406,0.822248101234436
124, 338.3459777832031,79.41499328613281,462.935791015625,410.2607727050781,0.6784032583236694
124, 395.17559814453125,-42.30635452270508,607.9093627929688,506.6089782714844,0.5289353132247925
125, 172.1946563720703,84.99319458007812,294.1044921875,391.5543212890625,0.9535143375396729
125, -7.167184829711914,57.05655288696289,107.40719604492188,388.41290283203125,0.8854323029518127
125, 308.3189392089844,101.51253509521484,404.12945556640625,362.1241149902344,0.8375861048698425
125, 355.34686279296875,80.99057006835938,477.3307189941406,414.5860595703125,0.8050177693367004
125, 397.8966369628906,-28.5443172454834,605.7280883789062,512.010498046875,0.557405948638916
126, 168.9139862060547,86.88388061523438,291.4474182128906,395.8016662597656,0.9463917016983032
126, -9.684162139892578,64.9605484008789,103.89968872070312,392.7611389160156,0.8920088410377502
126, 309.0181884765625,101.0159683227539,409.94647216796875,369.1229553222656,0.8385487198829651
126, 376.1272277832031,81.7364501953125,500.3619689941406,426.212158203125,0.7742091417312622
126, 408.3768310546875,-24.134897232055664,620.2445678710938,507.5630187988281,0.3649539351463318
127, 171.66868591308594,86.42412567138672,295.1385192871094,397.0295715332031,0.927330732345581
127, -6.482575416564941,67.81929779052734,107.12454223632812,395.8834533691406,0.8894931674003601
127, 315.50927734375,99.55516052246094,421.68768310546875,371.5462951660156,0.859441876411438
127, 393.9243469238281,79.88347625732422,508.1689758300781,403.0480041503906,0.46878376603126526
127, 415.4259948730469,-28.412240982055664,631.7168579101562,505.6708679199219,0.3456178903579712
127, 282.0262451171875,168.12657165527344,316.7475280761719,264.54107666015625,0.30525511503219604
128, 173.35903930664062,74.7030258178711,299.6548767089844,389.8088073730469,0.9246590733528137
128, 320.35882568359375,93.52857208251953,430.1382751464844,363.9523620605469,0.8780512809753418
128, -6.751282691955566,59.936378479003906,113.86270141601562,384.9388732910156,0.8421487808227539
128, 414.3384094238281,78.15462493896484,526.0087890625,398.5416259765625,0.3987669050693512
128, 432.46868896484375,-28.280717849731445,647.0089721679688,511.6470031738281,0.37555980682373047
129, 170.78494262695312,66.30488586425781,296.0487976074219,379.3840637207031,0.9219615459442139
129, 322.7258605957031,81.83452606201172,434.06951904296875,357.4390869140625,0.9115614891052246
129, -7.52357816696167,52.915138244628906,108.35809326171875,367.49383544921875,0.8081716299057007
129, 297.18182373046875,156.72007751464844,327.36883544921875,238.32540893554688,0.5819548964500427
129, 430.86328125,-35.19731140136719,648.289794921875,505.49591064453125,0.4385952651500702
130, 323.43145751953125,89.66178131103516,433.74908447265625,361.4123840332031,0.9401951432228088
130, 174.646484375,72.7243423461914,297.9891662597656,385.20709228515625,0.9377223253250122
130, -6.992861270904541,56.441341400146484,101.22394561767578,370.35791015625,0.8052127361297607
130, 303.3874206542969,165.586181640625,333.2843933105469,248.1094970703125,0.6925615668296814
130, 438.0566711425781,-47.33274459838867,654.4082641601562,511.0950622558594,0.5357778072357178
130, 46.576812744140625,123.3834228515625,122.8572998046875,321.5357360839844,0.3861057758331299
131, 170.986328125,78.98259735107422,295.6160888671875,396.8575439453125,0.9370750784873962
131, 322.45660400390625,92.33145904541016,434.1831359863281,371.26129150390625,0.9240742325782776
131, 48.833274841308594,129.58856201171875,126.42340087890625,328.4905700683594,0.7964391112327576
131, -8.996848106384277,64.5361328125,96.87374114990234,374.16937255859375,0.7135591506958008
131, 303.4817199707031,170.9227294921875,333.1703796386719,254.8529815673828,0.667544960975647
131, 442.13165283203125,-41.007080078125,650.3469848632812,511.08831787109375,0.5087534189224243
131, 267.6451721191406,164.8579559326172,312.1481018066406,281.37457275390625,0.3607088625431061
131, 271.0228271484375,166.3345947265625,309.2138977050781,266.00628662109375,0.35271480679512024
132, 176.12730407714844,84.88197326660156,296.3362731933594,411.10272216796875,0.9598965644836426
132, 323.7579650878906,98.11931610107422,433.0329895019531,384.6968688964844,0.9291057586669922
132, 71.2710952758789,140.54209899902344,141.88685607910156,335.68719482421875,0.8770496249198914
132, -9.715182304382324,77.27456665039062,91.13844299316406,386.54107666015625,0.8270207047462463
132, 309.5432434082031,177.36114501953125,339.6865234375,261.9931945800781,0.6308363080024719
132, 446.5127868652344,-40.320960998535156,652.3406982421875,510.15545654296875,0.5477095246315002
132, 280.9569396972656,175.77687072753906,317.5096740722656,269.80474853515625,0.34314271807670593
133, 169.53163146972656,88.02767181396484,290.5532531738281,420.24200439453125,0.957546591758728
133, 316.5061950683594,100.07933807373047,427.464111328125,389.24053955078125,0.9226088523864746
133, 68.5511474609375,142.17486572265625,144.679931640625,340.6338806152344,0.8968952298164368
133, -10.279032707214355,82.29335021972656,85.57328796386719,394.3970947265625,0.7354881763458252
133, 306.36004638671875,177.22557067871094,337.3001403808594,262.20526123046875,0.6014329195022583
133, 448.53802490234375,-47.606201171875,650.2703247070312,511.0067138671875,0.5164027214050293
133, 264.8545837402344,178.9523468017578,309.0892333984375,297.47625732421875,0.481189489364624
134, 167.0736846923828,89.35520935058594,286.8202209472656,431.3238220214844,0.9521090388298035
134, 70.91289520263672,145.1616973876953,155.15802001953125,344.0690002441406,0.884762704372406
134, 311.243896484375,102.43343353271484,426.69207763671875,399.15667724609375,0.8780642747879028
134, 273.344482421875,177.95416259765625,318.8316345214844,299.36273193359375,0.6169795989990234
134, -10.600852012634277,87.29020690917969,79.627685546875,396.06402587890625,0.564866304397583
134, 460.4527893066406,-27.878536224365234,651.2320556640625,503.96124267578125,0.5397416949272156
134, 309.0989685058594,179.303955078125,340.52728271484375,265.71527099609375,0.32815662026405334
135, 162.12643432617188,83.80671691894531,285.2962951660156,431.29541015625,0.9450862407684326
135, 304.9833679199219,99.71366882324219,426.54522705078125,401.8758850097656,0.8800584673881531
135, 72.6068115234375,142.57675170898438,159.51812744140625,340.61260986328125,0.8451047539710999
135, 275.1174621582031,174.2678680419922,323.23822021484375,296.993896484375,0.7214817404747009
135, 457.0117492675781,-23.60531234741211,654.6214599609375,518.7655639648438,0.5719963312149048
135, -14.297131538391113,78.94060516357422,70.6986312866211,391.94110107421875,0.3716166019439697
136, 158.1820526123047,74.84326171875,283.25384521484375,414.4439697265625,0.9099908471107483
136, 305.2084655761719,90.9273910522461,426.2445373535156,398.089111328125,0.9046869874000549
136, 88.17206573486328,139.2261962890625,169.1101531982422,331.1261901855469,0.8356723189353943
136, 284.01153564453125,168.5368194580078,333.04302978515625,295.14617919921875,0.6240299940109253
136, 470.65673828125,169.34922790527344,506.526123046875,262.8898010253906,0.539013147354126
136, 464.4788818359375,-18.909475326538086,659.7119750976562,507.93756103515625,0.462740957736969
137, 156.81553649902344,75.20137786865234,284.7021179199219,414.7317810058594,0.9393172860145569
137, 306.54547119140625,93.41173553466797,425.124267578125,401.7010803222656,0.9005452394485474
137, 101.97539520263672,142.38111877441406,174.39666748046875,334.592529296875,0.8052489757537842
137, 288.6740417480469,172.46237182617188,335.93115234375,298.1514892578125,0.6141014099121094
137, 473.4896545410156,-24.50975799560547,663.3685302734375,501.2474060058594,0.37057745456695557
137, -10.798684120178223,86.0009765625,67.10957336425781,371.9031982421875,0.36462289094924927
137, 474.3495178222656,171.6100616455078,509.7491149902344,260.7539367675781,0.3069092631340027
138, 156.41775512695312,83.62117004394531,285.4267883300781,425.4248352050781,0.9381285905838013
138, 306.3264465332031,99.42134094238281,425.1014709472656,402.2071228027344,0.9126837849617004
138, 118.92913055419922,149.76638793945312,195.4019317626953,345.92608642578125,0.7966320514678955
138, -11.711935043334961,88.31456756591797,68.08773040771484,376.54833984375,0.4333694577217102
138, 292.6689147949219,177.84713745117188,331.690185546875,280.1463623046875,0.42080119252204895
138, 487.52349853515625,-12.385910034179688,661.34130859375,488.99810791015625,0.31732961535453796
139, 145.1834259033203,79.12537384033203,277.65228271484375,428.59637451171875,0.9347352981567383
139, 300.3210754394531,91.89972686767578,418.541015625,396.95111083984375,0.8821637630462646
139, 482.46539306640625,-40.056182861328125,659.9038696289062,497.22149658203125,0.3398247957229614
140, 139.2286834716797,74.09950256347656,277.00360107421875,434.216552734375,0.9338805079460144
140, 294.9070739746094,84.60261535644531,418.181396484375,398.0733947753906,0.9010105133056641
140, -13.724312782287598,92.83404541015625,63.90769958496094,358.1158142089844,0.3430019021034241
140, 295.7777404785156,166.6530303955078,334.3340759277344,272.44903564453125,0.30399277806282043
141, 286.2581787109375,88.985595703125,414.1290283203125,407.189697265625,0.914182186126709
141, 127.63885498046875,79.05221557617188,269.4074401855469,448.0880432128906,0.9024412035942078
141, 478.22003173828125,-21.00213050842285,651.5801391601562,509.56463623046875,0.5436168313026428
141, 494.1604309082031,176.63833618164062,533.9288940429688,275.0585632324219,0.41054216027259827
142, 285.9366149902344,92.29893493652344,414.5179443359375,415.85455322265625,0.9046549797058105
142, 121.31066131591797,77.35404968261719,269.3786926269531,456.35943603515625,0.8946072459220886
142, 500.02618408203125,178.13558959960938,540.177978515625,279.888671875,0.4690946340560913
142, 489.3950500488281,-23.644367218017578,651.7733764648438,511.7860412597656,0.36959218978881836
143, 121.16942596435547,75.58837890625,269.8058166503906,445.4190979003906,0.9231845736503601
143, 289.2551574707031,91.39000701904297,430.0754089355469,423.02655029296875,0.8620753884315491
143, 518.34521484375,178.18275451660156,560.9367065429688,280.587890625,0.7838142514228821
143, -11.88021183013916,88.6393814086914,75.11421203613281,375.43902587890625,0.5515363216400146
144, 125.67256927490234,73.4519271850586,277.6296691894531,441.6438903808594,0.9195009469985962
144, 287.76025390625,87.49333953857422,437.81903076171875,426.7510986328125,0.8641412258148193
144, 532.9931640625,177.10537719726562,577.9003295898438,281.3149719238281,0.7579116225242615
144, -7.9206037521362305,88.7961654663086,83.41885375976562,382.31036376953125,0.6662061214447021
145, 127.17024993896484,66.88412475585938,275.9015808105469,447.5955505371094,0.9438602328300476
145, 290.273681640625,82.55156707763672,435.34844970703125,425.67877197265625,0.8845015168190002
145, 376.0580749511719,164.32362365722656,455.72991943359375,343.9101867675781,0.7755679488182068
145, 547.5707397460938,175.93850708007812,594.3951416015625,282.4165344238281,0.74589604139328
145, -10.238086700439453,91.48468017578125,85.47093200683594,384.8670349121094,0.7182300686836243
145, 228.5922088623047,146.3105010986328,300.5893859863281,349.4659423828125,0.6547438502311707
146, 124.22023010253906,64.56639099121094,272.65228271484375,455.83050537109375,0.9559502601623535
146, 290.0633544921875,79.54733276367188,429.02764892578125,422.2666015625,0.9215176105499268
146, 393.11053466796875,161.884765625,470.5863342285156,346.10968017578125,0.8621626496315002
146, -8.004278182983398,89.45014190673828,89.33360290527344,387.29559326171875,0.8386379480361938
146, 238.31736755371094,153.9037628173828,310.4283447265625,347.8480529785156,0.8233461380004883
146, 556.0369262695312,176.1693115234375,605.248046875,287.9256591796875,0.6755062937736511
147, 127.43375396728516,55.330108642578125,275.8371887207031,459.18878173828125,0.9604387283325195
147, 289.0217590332031,67.7697525024414,430.3276062011719,421.97918701171875,0.9383499026298523
147, 418.47418212890625,147.2680206298828,496.14697265625,343.0016174316406,0.8907543420791626
147, -6.697206497192383,82.17514038085938,94.22232818603516,382.76641845703125,0.856009840965271
147, 575.4732055664062,171.1186065673828,622.9362182617188,279.654296875,0.7273190021514893
147, 255.93751525878906,146.20864868164062,330.3649597167969,343.2618713378906,0.6577153205871582
148, 130.4175567626953,53.22159957885742,278.8876037597656,461.6460876464844,0.9649261832237244
148, 284.5054931640625,64.14580535888672,434.5184020996094,424.92767333984375,0.9252744913101196
148, 431.68609619140625,140.3450164794922,515.0552978515625,349.34912109375,0.9021639227867126
148, -6.556396007537842,82.52434539794922,94.35924530029297,381.5273132324219,0.8631137013435364
148, 584.6232299804688,163.28477478027344,633.7175903320312,274.770751953125,0.6819104552268982
149, 133.35586547851562,55.82321548461914,282.3825378417969,471.5046691894531,0.9488679766654968
149, 293.5059509277344,66.63348388671875,438.30108642578125,435.886474609375,0.9171077013015747
149, -3.0805599689483643,85.69093322753906,102.91718292236328,378.4735107421875,0.9083909392356873
149, 454.87506103515625,140.0472412109375,554.7180786132812,361.5194396972656,0.8699001669883728
149, 603.8795776367188,162.54383850097656,645.5777587890625,276.2811584472656,0.5114194750785828
149, 392.0252990722656,153.76278686523438,434.3890686035156,272.3858337402344,0.3059178292751312
150, 288.9122619628906,62.39739990234375,442.7806091308594,445.91131591796875,0.9381129741668701
150, 130.005859375,45.46857833862305,285.82525634765625,476.0758056640625,0.9280375838279724
150, -3.3330647945404053,77.05095672607422,103.5689468383789,368.624267578125,0.8761097192764282
150, 471.56805419921875,136.32395935058594,575.8499755859375,365.4717102050781,0.871235191822052
151, 123.6759033203125,41.37187957763672,279.6486511230469,461.11383056640625,0.9411941170692444
151, 287.59930419921875,62.895328521728516,444.0494384765625,451.6394348144531,0.9255719184875488
151, -3.7408599853515625,78.51917266845703,97.6435546875,366.6607666015625,0.8934606909751892
151, 491.3630065917969,128.2073211669922,599.9510498046875,374.3197021484375,0.8747144937515259
152, 125.53230285644531,42.639381408691406,283.8788757324219,459.28759765625,0.9586303234100342
152, 531.8010864257812,122.49644470214844,635.3561401367188,386.6510009765625,0.9133809804916382
152, -0.03996111452579498,85.76121520996094,106.66877746582031,372.52276611328125,0.8777417540550232
152, 292.5035705566406,59.79783248901367,451.7536315917969,455.22698974609375,0.8739574551582336
152, 409.5691833496094,160.01856994628906,454.5336608886719,273.32977294921875,0.6307376623153687
153, 115.1888656616211,39.073692321777344,275.3719787597656,463.42730712890625,0.940625786781311
153, 283.4311828613281,59.075687408447266,448.1562805175781,449.3536376953125,0.9075531363487244
153, -3.6107587814331055,91.72038269042969,103.8934555053711,384.8061828613281,0.8451944589614868
153, 561.6376342773438,117.85602569580078,649.332275390625,391.2290344238281,0.8321293592453003
153, 409.64044189453125,159.7945098876953,455.1988220214844,273.63690185546875,0.6755837202072144
154, 106.60389709472656,42.252159118652344,271.6085510253906,478.7585144042969,0.9228432178497314
154, -3.414257764816284,92.7574691772461,103.21251678466797,390.4714050292969,0.8906914591789246
154, 284.11236572265625,56.876708984375,447.36090087890625,445.11956787109375,0.8667212724685669
154, 422.2362060546875,165.14878845214844,461.05511474609375,267.358642578125,0.5564391016960144
155, 277.47308349609375,51.820396423339844,435.15142822265625,443.7541198730469,0.9171018004417419
155, -4.705102920532227,86.48658752441406,98.18812561035156,384.1816711425781,0.8774015307426453
155, 88.89082336425781,36.58066177368164,264.0809020996094,490.9942321777344,0.8729673027992249
155, 379.2649841308594,145.81871032714844,465.9596862792969,343.7249755859375,0.8413646221160889
156, 275.5596923828125,51.66062545776367,437.0946960449219,450.1633605957031,0.9218893051147461
156, 396.2093505859375,144.04295349121094,480.07928466796875,345.49237060546875,0.9099303483963013
156, -7.012906551361084,85.47682189941406,94.77111053466797,384.34674072265625,0.8949368000030518
156, 80.109619140625,35.19481658935547,260.1899719238281,486.2055969238281,0.8856688141822815
157, 423.1360778808594,140.38389587402344,503.75958251953125,349.6200866699219,0.9252396821975708
157, 272.16064453125,52.76945114135742,440.3842468261719,462.228271484375,0.9169286489486694
157, -6.685581684112549,85.10472106933594,94.11381530761719,372.20611572265625,0.9145869612693787
157, 60.87215805053711,30.594751358032227,254.01654052734375,490.86846923828125,0.9017314314842224
157, 396.0870361328125,151.93017578125,442.5147705078125,275.2325439453125,0.49182820320129395
158, 271.5841979980469,52.33715057373047,447.2574768066406,468.6602783203125,0.9273029565811157
158, 59.50984191894531,25.612258911132812,255.30738830566406,495.8153076171875,0.903075635433197
158, 440.13031005859375,137.28919982910156,524.6063232421875,352.43572998046875,0.8972445726394653
158, -4.6004438400268555,88.19515228271484,98.07484436035156,369.1929626464844,0.8954220414161682
158, 399.15234375,152.38807678222656,446.42181396484375,274.8984680175781,0.6676598787307739
158, 437.1256408691406,156.0930938720703,484.4281921386719,276.6067199707031,0.505953848361969
159, 265.1815490722656,45.012332916259766,447.4762878417969,463.67547607421875,0.9362176060676575
159, 51.68172073364258,17.270816802978516,244.47195434570312,491.6074523925781,0.9125322699546814
159, 457.3954162597656,137.58621215820312,545.646728515625,351.20965576171875,0.899237871170044
159, -4.642461776733398,84.90048217773438,98.55306243896484,372.0075378417969,0.8734486699104309
159, 411.92974853515625,150.45523071289062,457.6411437988281,269.1900329589844,0.8175950050354004
159, 451.05615234375,151.41822814941406,495.254150390625,274.3179016113281,0.5502657294273376
160, 258.5408935546875,45.08342742919922,441.55938720703125,469.77490234375,0.9278779029846191
160, 476.503662109375,143.47178649902344,564.59130859375,358.3573913574219,0.907535195350647
160, 50.801055908203125,16.87872886657715,238.8347930908203,504.44989013671875,0.8854638934135437
160, -2.372833251953125,93.8528823852539,102.11865234375,382.4444885253906,0.857638955116272
160, 415.34991455078125,151.97682189941406,461.8644714355469,274.4928894042969,0.8397522568702698
160, 456.1866149902344,154.0587615966797,503.02264404296875,278.682861328125,0.8051493763923645
161, 248.22886657714844,42.11114501953125,426.9328308105469,460.1565856933594,0.925451934337616
161, 488.74273681640625,143.57606506347656,577.5018310546875,358.7433166503906,0.885966956615448
161, 37.8597412109375,14.44277572631836,226.5733642578125,507.12762451171875,0.8855801224708557
161, 415.5713806152344,154.01531982421875,461.92230224609375,277.7217712402344,0.8388074636459351
161, 457.6913146972656,154.3349151611328,501.6954650878906,279.3495178222656,0.8054465055465698
161, -3.8188486099243164,93.02124786376953,91.379638671875,383.6716003417969,0.6719611287117004
162, 245.42904663085938,39.795101165771484,423.0589904785156,462.6611633300781,0.9384294748306274
162, 27.8312931060791,10.155771255493164,217.57704162597656,523.8346557617188,0.8987202644348145
162, 512.7929077148438,141.04736328125,603.6483154296875,360.7234191894531,0.8656286597251892
162, 420.3948059082031,152.84759521484375,469.0782165527344,279.0980224609375,0.862666666507721
162, 462.1520690917969,153.4599609375,509.33447265625,280.3844909667969,0.8070455193519592
162, -3.7142856121063232,93.5675048828125,91.1451187133789,383.1367492675781,0.6473700404167175
163, 236.84727478027344,44.00640869140625,418.91864013671875,477.4247741699219,0.9005273580551147
163, 526.2744140625,143.2877197265625,616.0243530273438,359.1986389160156,0.8845105767250061
163, 15.312914848327637,16.865478515625,204.83995056152344,529.66552734375,0.8553915023803711
163, 423.7967224121094,156.68067932128906,472.38970947265625,282.37548828125,0.8431916832923889
163, 468.44775390625,159.3098907470703,515.2886962890625,285.2554626464844,0.8119981288909912
163, -1.0949498414993286,103.69451141357422,82.57068634033203,379.1164855957031,0.48609042167663574
164, 548.7439575195312,138.8807830810547,637.7422485351562,362.6963195800781,0.8964868783950806
164, 235.48858642578125,43.18240737915039,420.2588195800781,490.78240966796875,0.8955323100090027
164, 429.5347900390625,151.75308227539062,479.5600280761719,280.44390869140625,0.8444762229919434
164, -1.1780821084976196,10.112981796264648,189.99911499023438,517.7152709960938,0.8391804695129395
164, 474.2267150878906,152.61190795898438,522.753173828125,281.2351989746094,0.7904148697853088
165, 432.92303466796875,151.9808807373047,481.77642822265625,281.2752380371094,0.872281014919281
165, 227.55825805664062,45.11441421508789,415.7845458984375,501.3531799316406,0.8671645522117615
165, 559.5733642578125,143.5027313232422,645.7428588867188,365.1518249511719,0.8573306202888489
165, 477.72821044921875,154.2259979248047,524.9697265625,284.9236145019531,0.8274115920066833
165, -6.796637535095215,6.572806358337402,182.9962615966797,514.9727783203125,0.8002654314041138
166, 442.02496337890625,157.67266845703125,492.0657653808594,288.3504943847656,0.87392657995224
166, 485.8336486816406,159.1724090576172,536.7216186523438,292.281494140625,0.8390253186225891
166, 231.75448608398438,54.31184768676758,417.7974548339844,504.7315673828125,0.809624969959259
166, -11.788345336914062,7.944121837615967,175.45147705078125,513.3676147460938,0.7756370902061462
167, 447.5376281738281,152.97799682617188,499.3279113769531,286.3375244140625,0.8694254755973816
167, 495.8526306152344,154.55715942382812,545.5587158203125,289.7135009765625,0.8355210423469543
167, 231.78819274902344,50.11519241333008,417.7134094238281,502.54095458984375,0.8173676133155823
167, -17.41792869567871,4.63075590133667,168.3816375732422,516.6918334960938,0.7745770215988159
168, 460.1727294921875,148.50732421875,510.99981689453125,285.20892333984375,0.875214159488678
168, 233.49533081054688,46.24639129638672,415.9295959472656,493.8641662597656,0.8687296509742737
168, 506.92547607421875,151.27684020996094,558.4890747070312,288.587158203125,0.8137338161468506
168, -18.494234085083008,3.5806221961975098,169.44686889648438,511.49346923828125,0.672866702079773
169, 465.3130798339844,150.20716857910156,518.0733642578125,287.9588928222656,0.8470685482025146
169, 227.87393188476562,40.7362174987793,409.26165771484375,486.7804870605469,0.8250774145126343
169, 512.5272827148438,150.56790161132812,565.5438842773438,289.4513244628906,0.8021610975265503
169, -22.214468002319336,4.50862979888916,154.3949737548828,510.2420959472656,0.6161074042320251
170, 471.5995178222656,148.8444366455078,524.3131713867188,290.501220703125,0.8701997399330139
170, 518.2979736328125,151.52955627441406,572.7570190429688,293.41973876953125,0.8580033779144287
170, 223.36767578125,36.996116638183594,413.73419189453125,496.88372802734375,0.8363101482391357
170, -25.822952270507812,8.170377731323242,144.96429443359375,512.7808227539062,0.42751821875572205
171, 486.1783752441406,147.94920349121094,541.2922973632812,291.078369140625,0.8915446996688843
171, 230.24095153808594,35.28302001953125,425.7386779785156,498.7093811035156,0.8606517314910889
171, 533.0735473632812,149.1709747314453,590.1575927734375,295.8161926269531,0.8599143624305725
172, 492.54620361328125,140.61322021484375,548.5535278320312,285.9351501464844,0.8825294375419617
172, 541.3694458007812,141.31993103027344,600.6898803710938,290.6386413574219,0.8672771453857422
172, 229.54058837890625,30.942289352416992,426.50421142578125,496.51336669921875,0.8427335023880005
172, 41.10569381713867,96.23295593261719,140.9884796142578,361.6736755371094,0.6190858483314514
173, 510.1092224121094,135.2596435546875,567.92626953125,285.4884948730469,0.8730589747428894
173, 556.9949340820312,136.9778594970703,617.2290649414062,289.4403381347656,0.8713372945785522
173, 233.91098022460938,31.85692596435547,434.9981384277344,495.68695068359375,0.8321353197097778
173, 41.00026321411133,100.4202651977539,147.1942596435547,376.6078186035156,0.6778867244720459
174, 224.59039306640625,25.024465560913086,431.4600524902344,502.232177734375,0.8727255463600159
174, 568.608642578125,135.028564453125,629.7612915039062,290.0271301269531,0.8717746734619141
174, 517.0703735351562,133.06582641601562,574.8276977539062,285.8183288574219,0.862092137336731
174, 34.29689407348633,100.35232543945312,147.59934997558594,370.6279296875,0.8162749409675598
175, 524.8515625,129.31500244140625,586.0724487304688,284.8331298828125,0.9010680317878723
175, 574.4086303710938,131.1900177001953,637.5294189453125,289.3054504394531,0.8912169337272644
175, 218.56655883789062,18.158082962036133,431.07476806640625,503.0794982910156,0.8472174406051636
175, 33.69166946411133,98.09790802001953,148.48529052734375,366.5275573730469,0.7561556100845337
176, 207.44598388671875,9.571664810180664,423.395263671875,505.2337646484375,0.9188282489776611
176, 533.4231567382812,123.92168426513672,595.4811401367188,282.507080078125,0.8916060924530029
176, 581.9332275390625,126.27877044677734,642.78076171875,286.6562805175781,0.8391709327697754
176, 34.90412902832031,93.83552551269531,147.3068389892578,351.4846496582031,0.7695984840393066
177, 201.66558837890625,4.558911323547363,416.6312561035156,497.7348937988281,0.9343905448913574
177, 541.8058471679688,114.79843139648438,606.7306518554688,280.93206787109375,0.8855634927749634
177, 46.158042907714844,93.716796875,148.52357482910156,344.8175354003906,0.7906651496887207
177, 594.2282104492188,121.17682647705078,648.7269287109375,284.9743347167969,0.6213245391845703
178, 198.201904296875,6.080397129058838,413.6473693847656,508.9307556152344,0.9189196825027466
178, 544.59765625,117.24533081054688,609.770263671875,283.84326171875,0.9048915505409241
178, 38.164825439453125,91.7393569946289,144.2078094482422,341.3780517578125,0.8372586965560913
178, 594.2901000976562,121.34876251220703,648.5376586914062,285.9747619628906,0.6519643664360046
179, 186.28370666503906,3.7823755741119385,406.48504638671875,511.63238525390625,0.8983747959136963
179, 546.6387329101562,116.44288635253906,614.0064086914062,285.63165283203125,0.8686296343803406
179, 32.888328552246094,92.45588684082031,136.6651153564453,327.7529296875,0.8382535576820374
179, 594.3013305664062,121.82030487060547,648.4346923828125,286.0331115722656,0.5565146207809448
180, 177.60311889648438,2.2362184524536133,396.2921447753906,519.2908935546875,0.8734721541404724
180, 549.6373901367188,111.07544708251953,617.1611938476562,282.64813232421875,0.8653013110160828
180, 25.46575164794922,89.28422546386719,125.00862121582031,337.1962890625,0.6545862555503845
180, 599.9606323242188,116.03853607177734,649.0841674804688,278.90789794921875,0.46739545464515686
180, 107.53819274902344,159.45220947265625,137.71942138671875,235.85507202148438,0.3179000914096832
181, 552.319580078125,113.27989196777344,621.1192016601562,288.2099914550781,0.8822061419487
181, 168.56719970703125,8.012473106384277,386.5427551269531,513.36962890625,0.8168903589248657
181, 21.206838607788086,95.6951904296875,123.24555969238281,343.6602478027344,0.7972972989082336
181, 104.06829071044922,164.66448974609375,135.32876586914062,242.7509002685547,0.35725319385528564
181, 601.881591796875,117.9168472290039,653.43017578125,283.59442138671875,0.3038661777973175
182, 22.447559356689453,93.16202545166016,121.82554626464844,333.4915466308594,0.8944602608680725
182, 554.3662109375,112.3115463256836,625.4605712890625,289.2891845703125,0.8868419528007507
182, 158.9787139892578,7.697965621948242,377.1925048828125,513.7810668945312,0.8359209299087524
182, 103.36692810058594,164.4983673095703,135.5902862548828,243.200927734375,0.4461814761161804
183, 13.53593635559082,87.64832305908203,118.0688247680664,337.925537109375,0.9042562246322632
183, 555.7551879882812,106.72908782958984,630.2929077148438,288.7161865234375,0.8715803623199463
183, 148.82090759277344,0.899138867855072,374.8385925292969,514.1672973632812,0.8510734438896179
183, 100.1047592163086,163.90240478515625,132.09217834472656,242.3897705078125,0.5064210295677185
184, 2.333543539047241,80.39674377441406,110.20475769042969,333.3146057128906,0.9459514021873474
184, 124.7156982421875,-14.85106372833252,354.3958740234375,504.6264343261719,0.9395643472671509
184, 558.0086669921875,105.42604064941406,634.1228637695312,289.381103515625,0.89633709192276
184, 92.63740539550781,159.6684112548828,127.30514526367188,241.6717987060547,0.5338583588600159
185, -1.5065155029296875,81.20738983154297,107.20209503173828,331.5936279296875,0.9532353281974792
185, 113.06792449951172,-23.55382537841797,347.04852294921875,506.956787109375,0.9223119616508484
185, 561.5810546875,101.44197082519531,636.855224609375,287.7109375,0.8725216388702393
185, 90.65711975097656,159.3929901123047,123.51356506347656,241.2216033935547,0.3177087604999542
186, -3.6291415691375732,78.91862487792969,97.06204986572266,328.7928161621094,0.9542349576950073
186, 88.76518249511719,-31.122032165527344,333.4819641113281,508.31756591796875,0.9414462447166443
186, 561.5531616210938,99.44930267333984,637.4534912109375,289.0238342285156,0.8945498466491699
186, 85.33173370361328,156.2523193359375,116.29183959960938,238.0166015625,0.3449174761772156
187, -3.5008232593536377,77.59550476074219,97.44009399414062,329.65576171875,0.9517739415168762
187, 75.97801971435547,-37.99708938598633,327.3639831542969,509.0202941894531,0.8902103304862976
187, 573.5982666015625,91.43206024169922,644.6295776367188,283.83489990234375,0.8821911215782166
188, -3.7976467609405518,78.96626281738281,91.57785034179688,328.60845947265625,0.938649594783783
188, 57.16913986206055,-33.581260681152344,314.63818359375,517.3456420898438,0.87387615442276
188, 582.02587890625,82.23564910888672,654.1909790039062,281.3038330078125,0.7699313163757324
189, 36.56840133666992,-45.43928909301758,309.9187316894531,529.155029296875,0.8400545120239258
189, -2.2571516036987305,72.77259063720703,89.50645446777344,321.43634033203125,0.7571733593940735
189, 581.1767578125,80.9219741821289,649.5255737304688,282.52459716796875,0.7318445444107056
190, 4.058674335479736,-62.18840789794922,285.9821472167969,527.16552734375,0.8127040863037109
190, 582.0914916992188,78.63595581054688,648.0155639648438,284.3835144042969,0.5866770148277283
190, -6.281520843505859,62.13459777832031,68.58280181884766,300.6158752441406,0.40477797389030457
191, -7.04750394821167,-59.88117980957031,271.8795471191406,530.9602661132812,0.79578697681427
191, 589.4391479492188,83.0997543334961,653.4661865234375,287.0311584472656,0.3978147506713867
192, -18.769132614135742,-61.161930084228516,252.28036499023438,538.2763671875,0.7979522347450256
193, -20.042739868164062,-56.231597900390625,240.98291015625,520.2230834960938,0.7147854566574097
194, -26.8356876373291,-50.83526611328125,222.5433349609375,514.6730346679688,0.631289541721344
194, 590.87548828125,133.9654083251953,633.3853759765625,235.7030029296875,0.4779157042503357
195, -22.629274368286133,-48.70938491821289,218.28115844726562,512.3712158203125,0.6119411587715149
196, -25.15625,-45.68012237548828,208.44802856445312,515.9376220703125,0.674467146396637
196, 605.6914672851562,173.38584899902344,636.9227294921875,245.41017150878906,0.4315345585346222
197, -27.96173858642578,-53.083702087402344,198.14947509765625,510.2569885253906,0.6418175101280212
198, -25.882986068725586,-59.25096130371094,196.01812744140625,509.75531005859375,0.6717172861099243
199, -29.39583969116211,-62.19561004638672,192.85960388183594,518.9364013671875,0.5585323572158813
200, -27.000518798828125,-63.25376510620117,196.87802124023438,513.6416625976562,0.5335229635238647
201, -30.727209091186523,-51.13856887817383,193.56427001953125,526.6332397460938,0.4991649091243744
202, -30.858793258666992,-52.577056884765625,194.26571655273438,522.19384765625,0.4941827654838562
203, -35.73468780517578,-56.27337646484375,186.43605041503906,513.228515625,0.5650874376296997
203, 125.80040740966797,157.27622985839844,163.20263671875,243.22171020507812,0.3879567086696625
204, 129.39479064941406,154.97369384765625,165.45452880859375,240.4672088623047,0.600962221622467
204, -37.268123626708984,-47.06418228149414,174.89613342285156,510.25140380859375,0.4374743700027466
204, 100.26425170898438,152.67152404785156,138.59613037109375,247.80810546875,0.3919358253479004
205, 126.34579467773438,160.21893310546875,164.08969116210938,247.31761169433594,0.7681006193161011
205, 92.29354858398438,159.81825256347656,134.1197052001953,253.41534423828125,0.5013823509216309
205, -35.51809310913086,-44.42845153808594,160.7969207763672,513.63623046875,0.3568230867385864
206, 125.91234588623047,160.54122924804688,163.52049255371094,248.1066131591797,0.7484411597251892
206, 88.79376983642578,159.68373107910156,131.14248657226562,254.30349731445312,0.5342112183570862
207, 127.26972961425781,155.62435913085938,162.46441650390625,240.39430236816406,0.7511153817176819
207, 92.9888916015625,155.06192016601562,132.9920196533203,246.55987548828125,0.6146054863929749
208, 125.26065826416016,162.59051513671875,164.1745147705078,249.8104705810547,0.7836558222770691
208, 88.70209503173828,161.8067169189453,131.04823303222656,253.3057403564453,0.649088978767395
209, 116.02842712402344,178.9674530029297,153.8094024658203,266.9930725097656,0.7701455354690552
209, 77.47500610351562,181.03753662109375,117.43824768066406,271.7091064453125,0.566291868686676
210, 122.1853256225586,192.8020782470703,160.66665649414062,283.0387878417969,0.7384946346282959
210, 80.72051239013672,195.85618591308594,120.19270324707031,286.3056945800781,0.6056864857673645
211, 112.01979064941406,182.40512084960938,151.64381408691406,275.14007568359375,0.7533432245254517
211, 67.62772369384766,185.13389587402344,107.85197448730469,278.6435546875,0.6355937719345093
212, 115.37240600585938,183.4038848876953,154.3917999267578,274.74169921875,0.7675033211708069
212, 64.583251953125,185.28237915039062,104.9439468383789,280.20806884765625,0.5782709717750549
213, 115.26905059814453,189.83856201171875,156.20767211914062,281.41082763671875,0.7631244659423828
213, 67.45480346679688,191.431884765625,108.0440673828125,286.6203308105469,0.5706188082695007
214, 107.12793731689453,185.05718994140625,150.49012756347656,278.0730285644531,0.7692705988883972
214, 55.18695068359375,188.24082946777344,95.21882629394531,281.5771484375,0.6345686912536621
215, 104.73318481445312,171.72821044921875,147.8295135498047,265.78057861328125,0.7332486510276794
215, 50.505088806152344,171.572998046875,93.35428619384766,268.2661437988281,0.6378151178359985
216, 116.40690612792969,176.0354766845703,159.85089111328125,269.4366760253906,0.8091706037521362
216, 59.785606384277344,174.9139862060547,103.06942749023438,271.9455871582031,0.6917548179626465
217, 121.76813507080078,193.01905822753906,168.0555419921875,289.18017578125,0.7957982420921326
217, 67.38914489746094,193.80543518066406,107.90541076660156,288.8254699707031,0.5610025525093079
218, 163.64865112304688,187.95750427246094,207.6963348388672,281.739990234375,0.840327262878418
218, 106.94680786132812,188.5011444091797,150.52908325195312,281.7217712402344,0.7166543006896973
