0, 54.76704788208008,147.38314819335938,165.43507385253906,442.6679382324219,0.8778327107429504
0, 197.42979431152344,200.31588745117188,256.1796875,345.7701416015625,0.8586898446083069
0, 274.7117919921875,196.1383819580078,361.81219482421875,381.8623962402344,0.8133808374404907
0, 400.99212646484375,175.6683807373047,520.4387817382812,414.38787841796875,0.7767296433448792
0, 164.45220947265625,199.70188903808594,219.65017700195312,353.4814453125,0.7510745525360107
0, 123.41806030273438,195.89085388183594,197.27346801757812,369.3531188964844,0.6101362109184265
1, 59.289066314697266,145.23678588867188,173.76019287109375,439.2891540527344,0.8861812949180603
1, 407.5771179199219,176.0852813720703,526.2608032226562,414.78497314453125,0.8413726091384888
1, 206.85992431640625,200.52688598632812,259.2777099609375,345.72467041015625,0.8375611305236816
1, 271.8799743652344,193.54376220703125,358.1763916015625,383.9369812011719,0.813402533531189
1, 170.26841735839844,199.59677124023438,226.03726196289062,352.83331298828125,0.7645489573478699
1, 133.31939697265625,198.85902404785156,199.96072387695312,366.3742370605469,0.5592566132545471
2, 67.8698501586914,146.37962341308594,190.5625,438.3709716796875,0.8468190431594849
2, 415.3251037597656,174.7998046875,531.2015380859375,415.96075439453125,0.8307103514671326
2, 211.0043487548828,200.1421356201172,261.769775390625,346.2106018066406,0.8253598809242249
2, 267.3226623535156,191.0632781982422,350.0260314941406,380.7779235839844,0.7972702383995056
2, 174.17648315429688,201.55760192871094,228.70814514160156,351.4131164550781,0.7183467745780945
2, 137.38577270507812,193.09927368164062,202.25624084472656,365.4049377441406,0.5754730701446533
3, 262.070068359375,190.19126892089844,342.84405517578125,381.24761962890625,0.8659929633140564
3, 74.20413970947266,150.51187133789062,203.1107177734375,439.6984558105469,0.8556723594665527
3, 217.81341552734375,200.05503845214844,267.1340637207031,345.5909729003906,0.8330644965171814
3, 423.11810302734375,177.2829132080078,542.3018188476562,419.276123046875,0.8081377744674683
3, 178.7095947265625,201.57676696777344,236.4798126220703,350.6672668457031,0.7518407106399536
3, 135.06153869628906,192.0557403564453,205.0027313232422,366.4654235839844,0.5451945662498474
3, 66.38075256347656,206.74293518066406,96.30072021484375,290.02545166015625,0.3603552579879761
4, 257.19097900390625,188.33216857910156,335.3535461425781,382.57122802734375,0.8677037954330444
4, 78.51689147949219,151.5601806640625,211.36544799804688,438.9158630371094,0.8207948803901672
4, 429.0677795410156,174.21376037597656,542.5382690429688,416.5628356933594,0.8184332251548767
4, 224.8687286376953,200.65113830566406,272.3699035644531,344.7635498046875,0.802311360836029
4, 181.53648376464844,201.26470947265625,239.6856231689453,351.8624267578125,0.7464890480041504
4, 148.9225311279297,194.67373657226562,209.71641540527344,364.07171630859375,0.5144370198249817
4, 65.5543441772461,208.46649169921875,97.19013214111328,293.98419189453125,0.4016401171684265
4, 121.43989562988281,174.18128967285156,193.20208740234375,365.69891357421875,0.31198030710220337
5, 254.37586975097656,185.86141967773438,325.4776611328125,380.31402587890625,0.8522108793258667
5, 437.8007507324219,173.41824340820312,546.4661865234375,417.06488037109375,0.8518649339675903
5, 85.48470306396484,155.7370147705078,223.32656860351562,440.76116943359375,0.8302764296531677
5, 185.1957244873047,202.0962371826172,242.21347045898438,351.2845458984375,0.7143619060516357
5, 228.2216033935547,194.5538787841797,275.474853515625,345.35321044921875,0.6993878483772278
5, 152.9343719482422,201.34317016601562,212.18443298339844,363.53216552734375,0.4998440146446228
5, 64.97360229492188,208.4925079345703,98.1544189453125,293.853515625,0.39385104179382324
6, 449.1944885253906,172.15057373046875,553.6063842773438,418.1897277832031,0.8848200440406799
6, 248.75962829589844,187.76966857910156,318.22821044921875,383.555908203125,0.8437927961349487
6, 88.90672302246094,153.95578002929688,232.45855712890625,442.8013000488281,0.8400487303733826
6, 184.1936798095703,201.73269653320312,244.2215118408203,356.56536865234375,0.6987139582633972
6, 233.9376983642578,197.8620147705078,282.8871154785156,347.9360656738281,0.47486385703086853
6, 65.52806091308594,208.9562225341797,97.4168930053711,293.13067626953125,0.4402350187301636
6, 155.09983825683594,195.4990997314453,216.38499450683594,363.4784851074219,0.393550306558609
7, 457.8399658203125,168.4690399169922,557.69189453125,416.2855529785156,0.9121885299682617
7, 236.35646057128906,183.57308959960938,311.4216003417969,382.10260009765625,0.8464195132255554
7, 96.2649917602539,153.248046875,237.76168823242188,443.8004455566406,0.8257958292961121
7, 188.6273193359375,200.75146484375,246.17379760742188,352.97930908203125,0.6884319186210632
7, 65.72077941894531,209.48635864257812,97.4551010131836,292.5576171875,0.33090880513191223
8, 469.7893371582031,167.62940979003906,564.4849243164062,417.4503173828125,0.9296331405639648
8, 107.3774185180664,153.33534240722656,245.7279815673828,443.7985534667969,0.818397581577301
8, 228.99537658691406,184.70159912109375,306.765869140625,386.2314147949219,0.8116059303283691
8, 193.3678436279297,200.7382049560547,247.7389678955078,352.5844421386719,0.654899537563324
8, 65.71659088134766,209.26304626464844,97.43023681640625,292.6686096191406,0.33197325468063354
9, 477.99053955078125,165.97500610351562,569.187744140625,418.8602294921875,0.9051067233085632
9, 121.19197845458984,152.3099365234375,250.85858154296875,444.7589416503906,0.8330862522125244
9, 221.09754943847656,184.9608154296875,301.8124694824219,386.08538818359375,0.7993326187133789
9, 198.164794921875,202.8351287841797,248.89720153808594,350.0071105957031,0.47861912846565247
10, 484.8118896484375,165.44569396972656,581.1515502929688,419.567138671875,0.8988180756568909
10, 130.5970001220703,148.7245635986328,254.12892150878906,442.2427062988281,0.8186531662940979
10, 217.28346252441406,186.1831512451172,299.08087158203125,385.0713195800781,0.7546425461769104
10, 260.8291931152344,202.86691284179688,312.342529296875,343.36785888671875,0.47958871722221375
10, 66.72871398925781,209.57745361328125,96.87410736083984,286.47772216796875,0.3147979974746704
11, 490.5396728515625,168.50465393066406,594.5939331054688,421.35980224609375,0.8996347188949585
11, 143.28611755371094,147.9282684326172,260.0779724121094,442.2037048339844,0.8162264227867126
11, 214.6957244873047,188.99127197265625,295.5503234863281,382.8934631347656,0.7203717231750488
11, 263.7226867675781,201.5226287841797,315.7676086425781,344.920166015625,0.5957909822463989
12, 495.1835632324219,166.87269592285156,609.1192626953125,423.1920166015625,0.8868633508682251
12, 154.74485778808594,148.1094207763672,267.6142578125,441.9792175292969,0.7759156227111816
12, 265.8955993652344,201.01100158691406,319.6026611328125,345.35614013671875,0.7345640063285828
12, 210.66831970214844,188.14378356933594,293.0602111816406,383.3025207519531,0.6566669940948486
13, 500.3650207519531,168.2333221435547,616.6936645507812,422.0635986328125,0.8598768711090088
13, 264.74468994140625,200.5001220703125,321.3592224121094,345.486572265625,0.8305330276489258
13, 165.55142211914062,141.451416015625,282.34771728515625,443.44390869140625,0.6169641017913818
13, 65.34674072265625,209.25735473632812,97.93762969970703,292.5823059082031,0.3364027738571167
14, 272.372802734375,199.1895294189453,326.6413269042969,346.46514892578125,0.8458300828933716
14, 505.9648132324219,169.48927307128906,623.8975219726562,421.3708801269531,0.8286707997322083
14, 175.34597778320312,143.93304443359375,284.9259033203125,446.2782287597656,0.7229493260383606
15, 180.4899139404297,143.2913818359375,292.2567138671875,447.3216552734375,0.8668497204780579
15, 279.6790771484375,197.9919891357422,331.1662902832031,342.7597351074219,0.8453017473220825
15, 511.1212158203125,171.13589477539062,631.3922119140625,425.1069641113281,0.8296355605125427
15, 66.63139343261719,209.82400512695312,96.94310760498047,286.351318359375,0.30094683170318604
16, 283.5345458984375,197.1856689453125,334.77093505859375,343.1811828613281,0.8611898422241211
16, 186.4954376220703,145.55003356933594,305.17230224609375,450.7456359863281,0.8580312132835388
16, 515.8463134765625,171.45201110839844,632.9741821289062,425.0860595703125,0.8429200649261475
16, 174.32212829589844,186.66795349121094,247.30599975585938,384.6748962402344,0.5299379229545593
17, 289.51116943359375,199.6240234375,341.0446472167969,345.5808410644531,0.8417176008224487
17, 192.71304321289062,148.738037109375,318.1681823730469,447.98089599609375,0.839630126953125
17, 522.767333984375,170.39356994628906,638.3814086914062,426.2884826660156,0.8348276019096375
17, 169.435546875,183.23097229003906,246.1098175048828,382.29241943359375,0.6031957864761353
18, 198.5844268798828,151.40310668945312,325.028076171875,445.3059387207031,0.8433869481086731
18, 294.4697265625,201.24380493164062,348.3571472167969,345.2476501464844,0.837139904499054
18, 527.0342407226562,169.2389678955078,640.5078735351562,427.6893310546875,0.8329976797103882
18, 163.85324096679688,183.77305603027344,239.17117309570312,381.78839111328125,0.6728107333183289
19, 205.185302734375,151.16079711914062,337.39434814453125,446.12017822265625,0.8284845948219299
19, 297.88519287109375,201.75892639160156,357.1320495605469,345.35650634765625,0.8273146152496338
19, 533.20556640625,168.12168884277344,640.7061767578125,428.34661865234375,0.7852568030357361
19, 161.01800537109375,183.46116638183594,235.29736328125,381.5589904785156,0.7532503604888916
19, 370.9858703613281,193.24221801757812,397.52386474609375,264.73651123046875,0.34601911902427673
20, 213.74449157714844,153.31716918945312,347.7794494628906,449.69171142578125,0.8336183428764343
20, 302.6215515136719,201.64373779296875,365.0063171386719,345.8939514160156,0.799346387386322
20, 153.19741821289062,181.5109100341797,230.6962127685547,383.83074951171875,0.7860739827156067
20, 544.4197387695312,167.3869171142578,641.8494262695312,423.33984375,0.7405202984809875
20, 369.97174072265625,194.24449157714844,393.41046142578125,257.38372802734375,0.3314206302165985
21, 222.60740661621094,154.84085083007812,357.8143310546875,454.31884765625,0.8432338237762451
21, 142.82835388183594,180.3912353515625,222.4521942138672,384.9173278808594,0.8305914998054504
21, 304.7472229003906,202.88609313964844,369.2142639160156,349.11273193359375,0.7913709282875061
21, 555.5607299804688,167.1143798828125,643.1068115234375,423.0954895019531,0.7034629583358765
21, -16.95779800415039,178.27249145507812,47.69157791137695,412.270263671875,0.35751283168792725
22, 135.53956604003906,179.8969268798828,216.9750518798828,384.8310241699219,0.8611725568771362
22, 228.0081787109375,154.75559997558594,365.11370849609375,454.3626403808594,0.8308032751083374
22, 310.0106201171875,203.63592529296875,370.6498718261719,348.5764465332031,0.754002034664154
22, 563.7748413085938,162.90821838378906,641.1295166015625,421.7863464355469,0.6430614590644836
22, -12.949896812438965,177.8036651611328,50.08740234375,413.30841064453125,0.5139852166175842
22, 217.8451385498047,189.4001007080078,286.05596923828125,369.15069580078125,0.4720400273799896
23, 123.134033203125,180.6343536376953,210.32269287109375,384.2288818359375,0.8618590831756592
23, 240.3268585205078,155.59544372558594,371.5220642089844,453.7236328125,0.842297375202179
23, 318.1322326660156,204.23472595214844,375.32489013671875,347.97381591796875,0.7664957642555237
23, 225.88925170898438,188.39492797851562,290.8551025390625,364.5794982910156,0.6560596227645874
23, -9.643210411071777,178.96945190429688,52.82003402709961,412.1986389160156,0.638666033744812
23, 574.994873046875,159.83538818359375,642.5151977539062,424.40643310546875,0.48526090383529663
23, 68.24375915527344,209.30056762695312,100.419677734375,292.7123107910156,0.30057767033576965
24, 110.53800964355469,181.49368286132812,204.29757690429688,383.3260803222656,0.8456478714942932
24, 253.62908935546875,154.0877685546875,377.3624572753906,454.9688720703125,0.84098881483078
24, 321.8954162597656,203.51329040527344,378.2242126464844,348.304931640625,0.7774109840393066
24, 229.5398712158203,186.47528076171875,299.5907287597656,366.5526123046875,0.7518764138221741
24, -8.289875030517578,178.49205017089844,57.79753875732422,412.3336181640625,0.729278028011322
24, 581.98974609375,155.3686065673828,648.2008666992188,428.4031066894531,0.3276912569999695
25, 266.71478271484375,154.46002197265625,383.069580078125,454.5650634765625,0.8386842012405396
25, -7.321222305297852,176.97836303710938,62.72047424316406,413.4062805175781,0.81373131275177
25, 102.0911865234375,181.86575317382812,200.06832885742188,383.0685119628906,0.7932854890823364
25, 330.400634765625,200.11538696289062,381.9135437011719,346.4929504394531,0.7677578330039978
25, 234.3820037841797,188.38429260253906,307.0758361816406,369.7179260253906,0.690362274646759
26, 279.8677978515625,154.25482177734375,388.6361083984375,454.6568603515625,0.8689531683921814
26, -9.323324203491211,172.17604064941406,65.43769073486328,412.56451416015625,0.840195894241333
26, 99.00694274902344,182.25650024414062,196.65565490722656,383.2121887207031,0.806978702545166
26, 236.1852264404297,187.32089233398438,305.758544921875,371.05499267578125,0.7284519076347351
26, 337.8783264160156,198.78187561035156,386.9199523925781,347.4514465332031,0.6801728010177612
26, 172.2004852294922,212.21542358398438,199.24343872070312,283.6830749511719,0.3650549352169037
27, -6.059818744659424,171.4056396484375,74.20903015136719,412.9924011230469,0.8771573901176453
27, 286.94415283203125,149.7943878173828,394.4295654296875,453.74151611328125,0.8347532153129578
27, 96.24127960205078,183.9303741455078,193.06333923339844,381.5311279296875,0.781896710395813
27, 239.2859344482422,186.6089324951172,308.68292236328125,371.68878173828125,0.6188957691192627
27, 340.3599853515625,197.12351989746094,391.1474609375,349.001953125,0.4348653256893158
28, 294.7090759277344,148.1833038330078,405.7134094238281,454.73486328125,0.8864896893501282
28, -2.655646800994873,171.11785888671875,77.5652084350586,412.7705078125,0.8835399150848389
28, 87.01923370361328,183.96163940429688,183.3669891357422,381.70172119140625,0.7977030873298645
28, 242.84109497070312,187.8655548095703,305.4873962402344,364.53131103515625,0.557837724685669
28, 246.69850158691406,202.5679473876953,320.4447937011719,374.7496643066406,0.4963736832141876
29, -1.8134580850601196,170.8743896484375,88.95530700683594,412.9910583496094,0.8941622376441956
29, 302.35638427734375,149.22109985351562,416.9418640136719,453.7384338378906,0.8855112195014954
29, 84.08003997802734,183.15589904785156,179.808837890625,382.4951171875,0.8003730177879333
29, 253.9335174560547,199.5522003173828,325.5640563964844,372.6084289550781,0.5952364802360535
29, 246.73974609375,191.54513549804688,302.0741271972656,355.0022277832031,0.46362411975860596
30, -1.5735899209976196,169.73251342773438,95.68384552001953,414.02392578125,0.891146719455719
30, 307.15814208984375,153.26736450195312,431.0936584472656,455.8026123046875,0.8568893074989319
30, 80.42439270019531,182.7506561279297,170.86671447753906,382.2945251464844,0.8072776794433594
30, 260.6752624511719,204.46351623535156,331.8968811035156,372.6988525390625,0.6883528828620911
30, 251.57261657714844,192.96322631835938,308.9815368652344,359.1383056640625,0.5187036991119385
31, 3.819902181625366,168.7061309814453,109.03577423095703,415.3167419433594,0.8901365995407104
31, 313.6925964355469,151.10797119140625,443.7127990722656,452.12249755859375,0.8599688410758972
31, 74.04962921142578,180.3740692138672,164.5561981201172,378.7933349609375,0.7768085598945618
31, 267.8558349609375,206.80032348632812,336.9207763671875,370.68463134765625,0.682096004486084
31, 251.9845733642578,193.08377075195312,314.6104736328125,359.56976318359375,0.6307408809661865
32, 319.08905029296875,150.7460479736328,457.3282775878906,452.4949645996094,0.8285402655601501
32, 7.352103233337402,168.28375244140625,118.04478454589844,416.1178894042969,0.821021556854248
32, 69.88043212890625,179.8797607421875,156.32289123535156,379.2897644042969,0.7839260101318359
32, 255.1001434326172,192.8707275390625,318.0616455078125,360.19696044921875,0.6594540476799011
32, 271.0453186035156,205.6371307373047,340.5609130859375,371.88238525390625,0.5780147314071655
33, 325.73052978515625,153.61146545410156,469.79107666015625,455.3052062988281,0.8468092679977417
33, 7.578985214233398,170.1181640625,124.33091735839844,420.12176513671875,0.7936967015266418
33, 60.05194091796875,177.03143310546875,147.13682556152344,381.8334655761719,0.7521591186523438
33, 255.91404724121094,191.6240234375,323.9140319824219,366.8620300292969,0.716241180896759
33, 277.6942138671875,203.4633026123047,346.67486572265625,368.55999755859375,0.5158712267875671
34, 332.1076965332031,152.4300537109375,475.94342041015625,456.8482971191406,0.8385083079338074
34, 13.721270561218262,171.0408477783203,130.7376708984375,419.5550231933594,0.7864131927490234
34, 260.81988525390625,193.70407104492188,325.36846923828125,364.6899719238281,0.6653425097465515
34, 282.9727783203125,205.90679931640625,347.6900634765625,365.3978576660156,0.39980173110961914
34, 55.85007095336914,178.33285522460938,139.01913452148438,380.5713806152344,0.3488827347755432
35, 346.2157897949219,154.20277404785156,486.7192077636719,455.24481201171875,0.8428525328636169
35, 22.4827823638916,171.31344604492188,140.74513244628906,419.1294860839844,0.8005026578903198
35, 269.3776550292969,192.47161865234375,329.5220031738281,359.610595703125,0.563670814037323
35, 289.2301330566406,205.8910675048828,353.5606689453125,371.891845703125,0.5100892782211304
36, 354.1434020996094,153.09925842285156,491.78839111328125,456.3282775878906,0.8349364399909973
36, 28.663328170776367,171.47955322265625,147.29086303710938,418.74237060546875,0.7411368489265442
36, 292.7945861816406,206.69610595703125,356.7152404785156,371.00616455078125,0.7232611179351807
36, 275.39825439453125,193.05043029785156,335.8466796875,360.08740234375,0.6272067427635193
37, 365.289794921875,153.3759307861328,499.3502197265625,455.951904296875,0.8457457423210144
37, 295.90533447265625,204.6563262939453,366.1056213378906,372.9739990234375,0.7710321545600891
37, 41.57757568359375,171.85177612304688,153.2674560546875,418.3867492675781,0.7218899130821228
37, 279.2062683105469,191.95230102539062,338.8397216796875,361.0007019042969,0.6841675043106079
37, 21.671722412109375,169.50265502929688,116.29010009765625,414.64434814453125,0.3723888397216797
38, 376.8199768066406,153.8821258544922,500.64495849609375,455.36224365234375,0.8311228156089783
38, 301.1393127441406,205.6940155029297,373.3247375488281,372.2960205078125,0.7777919769287109
38, 51.52328872680664,173.82278442382812,155.83926391601562,416.31207275390625,0.7724095582962036
38, 26.76633071899414,174.41732788085938,104.69384002685547,390.56787109375,0.6686083674430847
38, 285.6443786621094,192.3573455810547,344.71099853515625,360.1353454589844,0.6126682162284851
39, 389.0068664550781,149.22071838378906,507.4173278808594,454.2779235839844,0.8366449475288391
39, 60.36581039428711,172.70790100097656,166.12782287597656,417.3511047363281,0.8313673734664917
39, 15.763016700744629,176.93405151367188,103.0089111328125,387.9588623046875,0.8052470684051514
39, 304.23162841796875,207.1231231689453,376.50909423828125,371.4493408203125,0.7402971982955933
39, 292.0509948730469,193.3003692626953,350.8934020996094,358.54437255859375,0.5722997188568115
40, 71.3048324584961,170.9908905029297,167.881103515625,413.9374694824219,0.8791160583496094
40, 394.6893005371094,147.7793426513672,514.0761108398438,455.7801208496094,0.857196033000946
40, 6.772008419036865,176.7194366455078,105.60052490234375,394.6973876953125,0.7607459425926208
40, 305.8612365722656,210.33229064941406,381.22216796875,373.60186767578125,0.7175540924072266
40, 299.4120178222656,192.1781005859375,356.5839538574219,354.7042236328125,0.5582427978515625
41, 85.08039855957031,169.28256225585938,178.8238983154297,415.2882995605469,0.8848859071731567
41, 407.08770751953125,147.77786254882812,527.179443359375,454.8448791503906,0.8323121666908264
41, 2.0346479415893555,177.24290466308594,104.09864807128906,400.2926940917969,0.815931499004364
41, 313.2716369628906,208.04751586914062,386.21124267578125,370.140380859375,0.6810105443000793
41, 299.5584411621094,194.1547393798828,355.713134765625,358.18804931640625,0.5953779816627502
42, 92.0271224975586,168.41299438476562,184.52700805664062,416.1640930175781,0.9059109687805176
42, 416.6990661621094,148.07626342773438,536.2152709960938,454.7742004394531,0.8564673662185669
42, -4.5408501625061035,176.91793823242188,98.20231628417969,400.627685546875,0.8164210319519043
42, 314.7822570800781,209.55038452148438,391.21630859375,374.3507385253906,0.7009779214859009
42, 299.8562927246094,193.7944793701172,361.7322082519531,364.5510559082031,0.6658081412315369
43, 95.79715728759766,167.94578552246094,193.84251403808594,416.89410400390625,0.8950626850128174
43, 421.0626525878906,146.29791259765625,544.50341796875,456.9968566894531,0.8619655966758728
43, -5.366487503051758,178.17840576171875,92.82164001464844,399.2581787109375,0.8067285418510437
43, 319.0811462402344,209.20249938964844,393.223388671875,374.7850341796875,0.7129892706871033
43, 305.41009521484375,193.98886108398438,363.13299560546875,359.079345703125,0.6827249526977539
44, 104.98533630371094,172.7484893798828,209.882080078125,417.5076599121094,0.8869321942329407
44, -7.790924072265625,179.77549743652344,82.79143524169922,397.8268127441406,0.847084641456604
44, 432.46905517578125,145.33436584472656,558.533935546875,458.0188293457031,0.8391815423965454
44, 307.67059326171875,194.67288208007812,367.2880554199219,358.5562744140625,0.7084875106811523
44, 329.3344421386719,210.41357421875,395.46575927734375,367.6748352050781,0.7032718062400818
45, 113.15123748779297,174.9290313720703,220.70652770996094,415.1501159667969,0.8804263472557068
45, 437.7681884765625,147.83349609375,572.2363891601562,455.54052734375,0.8512104153633118
45, -7.467634677886963,180.5325164794922,76.2906494140625,396.823486328125,0.8124695420265198
45, 331.5147705078125,208.43637084960938,399.62713623046875,368.97125244140625,0.763062596321106
45, 310.63507080078125,196.43612670898438,370.6498718261719,356.29022216796875,0.7368546724319458
46, 117.50529479980469,174.29864501953125,229.00108337402344,415.83502197265625,0.8768410086631775
46, 441.9174499511719,148.80015563964844,580.737060546875,454.66558837890625,0.8328145742416382
46, -5.6327972412109375,177.3156280517578,67.80033874511719,394.9701232910156,0.7285824418067932
46, 313.1169738769531,196.35218811035156,374.1416015625,357.1047668457031,0.7234025001525879
46, 335.39959716796875,208.7323760986328,402.4661865234375,368.7108459472656,0.7196275591850281
47, 122.66819763183594,177.2334442138672,236.41900634765625,419.0072021484375,0.8657200932502747
47, 450.40057373046875,151.43113708496094,591.3145751953125,457.5931091308594,0.8116382360458374
47, 315.87652587890625,197.33326721191406,377.8015441894531,361.36944580078125,0.721651554107666
47, -7.773746013641357,177.3489532470703,57.750160217285156,394.2099914550781,0.6096041798591614
47, 339.4900817871094,205.49037170410156,404.54351806640625,366.3045654296875,0.50795978307724
48, 129.59608459472656,176.72027587890625,242.0245819091797,420.2154846191406,0.884093701839447
48, 461.0802001953125,151.97071838378906,599.51953125,457.41241455078125,0.8177539110183716
48, 320.2963562011719,196.74705505371094,385.4418029785156,362.080322265625,0.7343167066574097
48, 449.3423767089844,201.29750061035156,509.0413818359375,351.306640625,0.44199708104133606
48, 352.3182678222656,206.75221252441406,410.7925720214844,358.13916015625,0.42649877071380615
48, -6.3524861335754395,177.00074768066406,50.0817756652832,394.6781921386719,0.35152238607406616
49, 136.9549560546875,176.22450256347656,247.4351043701172,420.7308349609375,0.875302255153656
49, 470.4264831542969,150.76841735839844,609.0401000976562,459.00311279296875,0.824827253818512
49, 454.7203674316406,201.88394165039062,509.9922180175781,350.32598876953125,0.6949124336242676
49, 322.9751892089844,196.57679748535156,389.3404541015625,362.12335205078125,0.6572198271751404
49, 360.9430236816406,208.7347869873047,414.81634521484375,356.42010498046875,0.5050781965255737
49, 69.0845947265625,210.02830505371094,99.53742218017578,286.1860046386719,0.32524949312210083
49, 49.050506591796875,205.5742950439453,70.90872192382812,258.8896789550781,0.3000238537788391
50, 148.6383056640625,176.5489044189453,254.49493408203125,420.89410400390625,0.8521333932876587
50, 481.436767578125,153.34312438964844,616.9475708007812,462.0029602050781,0.8429479002952576
50, 327.37615966796875,194.81326293945312,391.6007080078125,363.45599365234375,0.6935885548591614
50, 460.6285705566406,200.45309448242188,511.34771728515625,346.4674377441406,0.6259506344795227
50, 358.0726013183594,206.75587463378906,417.61279296875,364.6354675292969,0.5165888667106628
50, 69.5216064453125,210.29417419433594,99.11707305908203,285.8456726074219,0.30677738785743713
51, 159.56756591796875,175.95286560058594,262.3436584472656,421.0990295410156,0.8570173978805542
51, 487.0050048828125,151.97515869140625,617.7515258789062,457.8597717285156,0.8269075751304626
51, 468.93682861328125,202.29501342773438,521.1626586914062,349.7367248535156,0.7839769124984741
51, 333.4252014160156,195.8026885986328,398.06536865234375,362.4813537597656,0.6953274607658386
51, 357.8828430175781,207.1090087890625,424.26824951171875,370.323486328125,0.6499462723731995
52, 169.97012329101562,174.0866241455078,270.828369140625,422.5540466308594,0.8842692375183105
52, 499.8504943847656,150.21324157714844,623.9674682617188,459.1520080566406,0.8303018808364868
52, 471.94488525390625,202.23440551757812,525.18017578125,349.9403381347656,0.8132611513137817
52, 363.0953674316406,207.77734375,431.45269775390625,370.2582092285156,0.6895195841789246
52, 339.8475341796875,194.71876525878906,403.70660400390625,363.4262390136719,0.6833739280700684
53, 178.84841918945312,174.14442443847656,274.9653015136719,422.42266845703125,0.8860027194023132
53, 511.8163757324219,148.59068298339844,630.73193359375,460.4971008300781,0.8643845319747925
53, 476.31536865234375,203.25144958496094,533.34033203125,349.59326171875,0.8168168663978577
53, 366.80291748046875,209.392578125,434.4117736816406,369.12078857421875,0.7353693246841431
53, 344.4413146972656,191.6621551513672,405.986083984375,360.886962890625,0.7345959544181824
54, 521.7283325195312,145.74754333496094,633.1448364257812,457.4825744628906,0.8827107548713684
54, 189.9981689453125,173.0926513671875,288.64801025390625,423.2357177734375,0.8738759756088257
54, 370.94268798828125,210.56517028808594,442.1391906738281,373.2419738769531,0.75687175989151
54, 481.23260498046875,203.80267333984375,540.36865234375,349.58502197265625,0.704414427280426
54, 348.57366943359375,191.06236267089844,408.2637634277344,360.8427734375,0.6518687605857849
55, 198.9561004638672,174.92752075195312,298.8578186035156,421.2158203125,0.8855829238891602
55, 530.0181274414062,145.4385223388672,637.5012817382812,457.8276062011719,0.8793516159057617
55, 374.01812744140625,210.27908325195312,445.60528564453125,373.46673583984375,0.7454347014427185
55, 483.432861328125,205.77883911132812,544.7063598632812,352.5867919921875,0.7098358869552612
55, 354.96649169921875,192.64013671875,414.3042297363281,359.9866638183594,0.6360511183738708
56, 205.6153564453125,174.18353271484375,311.2513732910156,422.21209716796875,0.8891481757164001
56, 537.548583984375,144.4491729736328,642.7208862304688,458.8366394042969,0.8866497278213501
56, 488.9678039550781,206.8538818359375,551.1126098632812,351.6846618652344,0.7371001243591309
56, 380.08221435546875,209.4904327392578,445.6180114746094,368.9177551269531,0.7234795689582825
56, 358.726806640625,193.15853881835938,416.95318603515625,359.1787414550781,0.7084059119224548
57, 214.9377899169922,174.4388885498047,327.14117431640625,422.0989685058594,0.8695717453956604
57, 544.0076293945312,143.92771911621094,648.8831176757812,459.0865173339844,0.8664690256118774
57, 383.77593994140625,208.30918884277344,448.4419250488281,370.1356506347656,0.7756066918373108
57, 492.4822692871094,207.1767578125,554.5438232421875,351.2095642089844,0.7354521155357361
57, 362.60888671875,193.11607360839844,419.8349304199219,360.0137939453125,0.6568222045898438
58, 547.9979858398438,144.33924865722656,650.9241333007812,458.85296630859375,0.8447893857955933
58, 218.6527862548828,176.84725952148438,336.4044189453125,425.8354797363281,0.8168831467628479
58, 390.44244384765625,208.42721557617188,454.4007263183594,370.1686096191406,0.7687929272651672
58, 499.8119812011719,207.90377807617188,559.48583984375,350.66925048828125,0.7680542469024658
58, 365.1173400878906,193.67391967773438,423.5489501953125,364.1729736328125,0.7327426671981812
58, 66.63764190673828,210.55943298339844,96.93098449707031,285.5005187988281,0.3150525689125061
59, 226.52899169921875,176.94580078125,347.392578125,425.9913635253906,0.8265880942344666
59, 368.2405700683594,194.60716247558594,426.6704406738281,363.98486328125,0.7813559770584106
59, 507.29766845703125,203.9292755126953,564.564453125,349.0426330566406,0.760113000869751
59, 393.51910400390625,206.5555419921875,457.79168701171875,371.8575744628906,0.7430332899093628
59, 549.856689453125,144.02821350097656,648.9576416015625,459.16741943359375,0.7369299530982971
60, 513.89990234375,203.07150268554688,570.623291015625,350.10040283203125,0.8232260942459106
60, 235.3376922607422,179.56271362304688,350.97552490234375,423.7635803222656,0.7958191633224487
60, 370.4953918457031,196.31295776367188,430.2935485839844,363.1275634765625,0.7440683245658875
60, 550.8023681640625,144.0709228515625,648.0995483398438,459.1681823730469,0.6192490458488464
60, 400.4786071777344,208.11297607421875,463.2190856933594,369.7091369628906,0.5724733471870422
61, 244.8480682373047,182.05958557128906,360.676025390625,426.8750305175781,0.8289306163787842
61, 521.025634765625,203.70391845703125,575.9649047851562,349.654541015625,0.8028175234794617
61, 374.0376892089844,196.47723388671875,433.3927307128906,362.5714111328125,0.7568206191062927
61, 408.9176940917969,207.7628173828125,467.7265930175781,363.7384033203125,0.6173084378242493
61, 554.6292114257812,140.94195556640625,650.6473388671875,456.1174011230469,0.3521944582462311
62, 528.5767211914062,202.00161743164062,581.447509765625,350.82647705078125,0.8733457326889038
62, 254.6350555419922,182.61505126953125,369.8729553222656,426.4710388183594,0.8212327361106873
62, 379.6739196777344,196.24066162109375,439.78302001953125,363.41424560546875,0.7245914340019226
62, 411.8294677734375,208.19375610351562,471.28131103515625,369.81201171875,0.6151180267333984
63, 534.8405151367188,202.73695373535156,587.3794555664062,350.3736267089844,0.8429104685783386
63, 266.3877868652344,178.11306762695312,376.8559875488281,425.2451477050781,0.8272421956062317
63, 382.2757263183594,195.91233825683594,443.7757873535156,363.5133972167969,0.7453608512878418
63, 415.6985778808594,210.53167724609375,479.8354797363281,373.2677307128906,0.5666956305503845
64, 278.4073486328125,178.04092407226562,383.6563415527344,424.9739074707031,0.8722906112670898
64, 537.34912109375,202.74237060546875,592.113037109375,350.5693054199219,0.8470439910888672
64, 385.43109130859375,195.656982421875,447.0221862792969,363.7351379394531,0.7570686340332031
64, 419.21636962890625,208.95458984375,488.7185974121094,369.443603515625,0.6336655616760254
65, 292.1576843261719,174.53517150878906,388.8575744628906,422.9754333496094,0.8802351355552673
65, 543.191650390625,205.38674926757812,604.8893432617188,352.7891540527344,0.8343256711959839
65, 387.8437194824219,194.9317626953125,451.22479248046875,364.24505615234375,0.7668080925941467
65, 419.4718933105469,208.8459014892578,488.6298828125,368.9177551269531,0.5485557913780212
66, 303.0904846191406,173.7811279296875,397.0401306152344,423.760498046875,0.9076935648918152
66, 547.03369140625,205.5573272705078,613.4725341796875,353.9452819824219,0.8093443512916565
66, 392.5908203125,194.01708984375,458.6275634765625,364.67431640625,0.7333407402038574
66, 427.3056335449219,211.81661987304688,499.7103271484375,372.1412048339844,0.5256996750831604
66, 421.52215576171875,210.96475219726562,480.1718444824219,360.4189453125,0.3441437780857086
67, 311.5917053222656,174.55755615234375,407.5376281738281,427.9709167480469,0.8865654468536377
67, 549.0674438476562,209.0811004638672,617.8917846679688,356.01513671875,0.7790734767913818
67, 397.5007019042969,191.63046264648438,460.492919921875,361.5988464355469,0.647726833820343
67, 430.02349853515625,210.71682739257812,503.5328674316406,373.7684631347656,0.6246075630187988
67, 422.79388427734375,211.16030883789062,479.1597595214844,360.1464538574219,0.35937681794166565
68, 321.0376892089844,175.0618438720703,422.96844482421875,427.6775207519531,0.8962500095367432
68, 553.206787109375,210.36599731445312,620.241943359375,355.04840087890625,0.7692084908485413
68, 432.76776123046875,210.59214782714844,507.07904052734375,374.0966796875,0.6789450645446777
68, 407.1898498535156,194.87344360351562,469.24334716796875,363.57000732421875,0.6295477747917175
69, 330.6230163574219,176.9986114501953,438.7753601074219,425.54278564453125,0.8585201501846313
69, 410.0312194824219,192.90643310546875,472.7524719238281,360.39508056640625,0.7219387292861938
69, 560.3703002929688,210.61428833007812,625.3700561523438,354.5354919433594,0.7151341438293457
69, 440.72906494140625,211.37203979492188,511.74481201171875,373.3599548339844,0.7044228315353394
70, 333.2371826171875,177.26803588867188,442.5914306640625,425.71124267578125,0.8568485379219055
70, 564.370361328125,210.8330535888672,627.7630615234375,354.1411437988281,0.6893643736839294
70, 444.66375732421875,211.82931518554688,513.7738037109375,372.62628173828125,0.6836504340171814
70, 413.7634582519531,192.82981872558594,475.3632507324219,359.5439147949219,0.6806102395057678
