0, 337.73931884765625,78.73744201660156,438.3200988769531,328.45684814453125,0.9550582766532898
0, 432.708984375,91.45702362060547,526.7340698242188,328.9705505371094,0.9454107880592346
0, 173.38587951660156,92.51629638671875,261.6119689941406,321.3315124511719,0.9253193140029907
0, 571.2382202148438,80.8826904296875,646.2411499023438,282.8135681152344,0.9096209406852722
0, 89.24360656738281,95.67777252197266,168.5074005126953,318.0863342285156,0.858848512172699
0, 511.47174072265625,108.52266693115234,560.2938842773438,236.15252685546875,0.8241676092147827
1, 340.8511962890625,78.13327026367188,441.4750671386719,329.14471435546875,0.9531363248825073
1, 436.5675354003906,90.35591888427734,528.6144409179688,329.3498229980469,0.951227068901062
1, 179.45448303222656,91.57966613769531,267.5060119628906,321.5525207519531,0.9430673718452454
1, 79.96858978271484,98.43138885498047,164.99765014648438,320.68719482421875,0.9309605360031128
1, 567.0101318359375,80.946533203125,644.9511108398438,283.1796569824219,0.9031885862350464
1, 508.22027587890625,108.60599517822266,558.0880126953125,236.41970825195312,0.7775960564613342
2, 344.4660339355469,78.2856674194336,443.8649597167969,328.9953918457031,0.953726589679718
2, 183.3477325439453,91.21027374267578,270.6419677734375,321.552001953125,0.9461243152618408
2, 67.92095947265625,99.08882141113281,158.651123046875,320.2220153808594,0.936446487903595
2, 439.5559387207031,87.5240707397461,531.8582153320312,326.7960510253906,0.9242563843727112
2, 566.8487548828125,84.95333099365234,644.663330078125,283.84259033203125,0.913968026638031
2, 507.52960205078125,110.76982116699219,558.6552734375,239.35067749023438,0.7370688915252686
2, 173.0491180419922,93.76792907714844,224.49148559570312,255.62452697753906,0.369724303483963
3, 347.4718933105469,79.88322448730469,447.009033203125,327.70849609375,0.9472078084945679
3, 189.5532684326172,88.64797973632812,276.7783203125,319.63629150390625,0.9464643001556396
3, 443.2120056152344,87.1841812133789,534.2534790039062,326.7169494628906,0.928730845451355
3, 563.5877685546875,84.34138488769531,642.235107421875,284.7771301269531,0.9153281450271606
3, 60.059146881103516,98.91728210449219,153.88685607910156,321.00946044921875,0.914257287979126
3, 504.17144775390625,110.82719421386719,555.762451171875,239.6105194091797,0.6664737462997437
3, 172.40635681152344,90.80740356445312,224.95932006835938,254.0570831298828,0.4767147898674011
4, 194.8836212158203,87.08138275146484,283.7405090332031,320.5570068359375,0.9598625898361206
4, 350.41290283203125,82.51698303222656,450.18341064453125,324.9359436035156,0.9398694038391113
4, 562.49609375,85.23503112792969,642.878173828125,283.9315185546875,0.9277443885803223
4, 57.24224853515625,99.57469177246094,150.08578491210938,320.86944580078125,0.9227420091629028
4, 443.9906005859375,87.64175415039062,534.3452758789062,325.42376708984375,0.9151870608329773
4, 172.33421325683594,91.17752838134766,225.04345703125,253.61834716796875,0.589114785194397
4, 500.9785461425781,109.42793273925781,552.9877319335938,241.3543243408203,0.5777885317802429
5, 198.03111267089844,87.87483978271484,287.5351257324219,319.19561767578125,0.9521502256393433
5, 350.947998046875,81.8719711303711,450.55645751953125,325.88671875,0.9388798475265503
5, 562.100830078125,86.68639373779297,642.41552734375,282.7485046386719,0.9298170804977417
5, 49.6956672668457,101.42053985595703,145.1269073486328,324.2053527832031,0.921017587184906
5, 445.91754150390625,84.73062133789062,538.8856201171875,323.0429992675781,0.9115657210350037
5, 171.80963134765625,91.01844787597656,225.7335968017578,253.70822143554688,0.6639030575752258
5, 500.1108703613281,109.80506896972656,553.199462890625,246.70358276367188,0.5268704295158386
6, 204.07313537597656,89.93976593017578,293.6788330078125,317.8430480957031,0.9486722946166992
6, 354.5898742675781,83.7391128540039,453.1184997558594,323.98883056640625,0.943856954574585
6, 558.07373046875,85.92387390136719,640.8424682617188,283.32281494140625,0.9269207715988159
6, 47.83131408691406,101.22360229492188,140.60916137695312,324.1892395019531,0.9169741868972778
6, 448.9091796875,85.2473373413086,542.0897216796875,322.7464294433594,0.9155882596969604
6, 172.13143920898438,91.98483276367188,225.35458374023438,252.66075134277344,0.719028115272522
6, 501.66558837890625,111.60282897949219,551.5917358398438,245.0137176513672,0.3832710087299347
7, 207.1571807861328,91.6592788696289,297.49798583984375,316.477294921875,0.9448550343513489
7, 357.0619812011719,83.89242553710938,456.4564514160156,323.95269775390625,0.9356316924095154
7, 44.69062042236328,98.74069213867188,131.616943359375,321.7767333984375,0.9261210560798645
7, 454.1712951660156,85.43424987792969,543.246337890625,322.4677429199219,0.9233855605125427
7, 554.5599975585938,86.3564682006836,638.2178344726562,282.8836975097656,0.9120104312896729
7, 172.18270874023438,92.57743835449219,225.50234985351562,252.0774688720703,0.7524435520172119
8, 457.6429748535156,85.51519775390625,546.0025024414062,322.08209228515625,0.9342284202575684
8, 360.5596923828125,83.55155181884766,459.4502258300781,323.8490905761719,0.9332166314125061
8, 213.04342651367188,93.6669692993164,303.63031005859375,314.5551452636719,0.9305409789085388
8, 554.4012451171875,86.81087493896484,637.93017578125,282.40008544921875,0.9156513214111328
8, 40.341793060302734,97.93212890625,123.3569107055664,322.5303649902344,0.9077597856521606
8, 171.6785888671875,92.5845718383789,225.90963745117188,252.1084747314453,0.7010901570320129
9, 460.93060302734375,85.49993896484375,549.27587890625,321.5145568847656,0.9372299313545227
9, 363.0088806152344,82.9116439819336,463.0290222167969,324.2025146484375,0.9329585433006287
9, 38.9664421081543,97.73750305175781,117.83821105957031,322.39556884765625,0.930461049079895
9, 215.4847869873047,96.58404541015625,307.44403076171875,316.1991882324219,0.9278557896614075
9, 551.4111328125,85.58150482177734,635.1292114257812,283.5123291015625,0.9082376956939697
9, 171.5745391845703,92.83255767822266,225.89190673828125,252.09918212890625,0.7580695152282715
10, 463.83709716796875,85.83133697509766,558.08642578125,321.3251953125,0.9480241537094116
10, 219.1575469970703,97.04994201660156,310.4659729003906,316.14263916015625,0.9423142671585083
10, 33.545257568359375,97.09896850585938,110.51239776611328,323.0590515136719,0.9263249635696411
10, 367.4595031738281,81.7808609008789,465.1167297363281,319.634521484375,0.9249833226203918
10, 551.6741333007812,85.3412857055664,634.2506713867188,283.6373291015625,0.9000342488288879
10, 171.62782287597656,92.87564086914062,225.6273956298828,252.06195068359375,0.7140440344810486
11, 370.5722351074219,81.59819030761719,468.0156555175781,319.0657653808594,0.9362370371818542
11, 465.1272888183594,87.11685943603516,562.86376953125,320.1275939941406,0.9315593242645264
11, 221.57461547851562,96.97290802001953,314.4202880859375,315.8688049316406,0.9235751628875732
11, 28.427133560180664,96.1943359375,103.33866882324219,323.8241271972656,0.9186503887176514
11, 550.7735595703125,86.46553039550781,628.5731201171875,282.6824951171875,0.890052080154419
11, 171.65231323242188,92.76969909667969,225.54296875,252.16798400878906,0.7327978610992432
11, 597.2635498046875,106.72882843017578,639.5636596679688,238.03468322753906,0.47098371386528015
12, 226.0753173828125,94.77218627929688,316.3226623535156,313.3136901855469,0.9263350963592529
12, 467.491455078125,87.26702880859375,567.0590209960938,320.09783935546875,0.923782467842102
12, 20.65442657470703,95.71786499023438,98.29647064208984,324.7623291015625,0.9236639738082886
12, 372.7949523925781,80.07911682128906,472.0975646972656,320.2171936035156,0.9139455556869507
12, 547.9762573242188,85.75550079345703,625.3316040039062,283.2270202636719,0.8938474059104919
12, 171.49827575683594,92.59963989257812,225.72470092773438,252.37997436523438,0.7464867234230042
12, 592.4654541015625,106.21495056152344,638.2205200195312,238.9293212890625,0.5287794470787048
13, 12.199748039245605,95.87582397460938,94.23210906982422,324.0270690917969,0.9337238669395447
13, 232.58200073242188,93.54347229003906,321.7052307128906,313.0573425292969,0.9277563691139221
13, 471.02581787109375,88.12311553955078,569.9197998046875,319.67498779296875,0.9213524460792542
13, 376.11859130859375,79.44476318359375,474.8282470703125,320.8809509277344,0.9200577139854431
13, 546.3944091796875,85.60750579833984,620.7784423828125,282.843505859375,0.851721465587616
13, 172.15261840820312,93.43437957763672,225.07327270507812,251.5559844970703,0.7473366260528564
13, 595.2145385742188,109.44503021240234,640.953369140625,240.52691650390625,0.682875394821167
14, 237.13059997558594,91.69303894042969,323.5060729980469,309.0730285644531,0.9384241104125977
14, 5.4209065437316895,96.07105255126953,88.39649963378906,324.4503173828125,0.9327052235603333
14, 376.44476318359375,79.70013427734375,475.48699951171875,320.51416015625,0.9233257174491882
14, 472.9166259765625,87.91716003417969,574.2643432617188,319.9642028808594,0.9230837821960449
14, 541.1560668945312,84.27912139892578,620.1834716796875,284.5341796875,0.811365008354187
14, 171.93910217285156,92.75578308105469,225.2977294921875,252.1328125,0.7755213975906372
14, 590.68310546875,108.26634216308594,639.6234130859375,241.25205993652344,0.7393120527267456
15, 241.5940399169922,90.12928009033203,325.7066650390625,310.32159423828125,0.9449307918548584
15, 380.27423095703125,76.89193725585938,477.9425964355469,318.70220947265625,0.92967289686203
15, 474.70977783203125,90.5005874633789,572.97314453125,322.2441711425781,0.9253261685371399
15, -3.0716817378997803,98.5633544921875,84.79444122314453,327.12249755859375,0.9173267483711243
15, 539.47998046875,84.85021209716797,615.1435546875,284.0648498535156,0.8172652125358582
15, 171.8399658203125,92.5986557006836,225.423583984375,252.35836791992188,0.7677735686302185
15, 586.16796875,105.27535247802734,638.3111572265625,240.2600860595703,0.7536197900772095
16, 245.42123413085938,90.4986572265625,328.2569580078125,310.1233825683594,0.9463148713111877
16, 383.29156494140625,80.86439514160156,480.99896240234375,319.48065185546875,0.9273351430892944
16, -6.2184576988220215,99.55838775634766,81.26067352294922,327.236083984375,0.9006626605987549
16, 478.5269470214844,90.33284759521484,575.0360717773438,322.3143005371094,0.8928899168968201
16, 537.2402954101562,86.50685119628906,611.4656372070312,282.4038391113281,0.8087073564529419
16, 171.85487365722656,92.51168823242188,225.2501220703125,252.37908935546875,0.7528007626533508
16, 586.8787841796875,105.4118881225586,637.5361938476562,239.8461151123047,0.7042993307113647
17, 386.4127502441406,81.78116607666016,484.2123107910156,318.7150573730469,0.933836042881012
17, 248.8761444091797,89.51571655273438,331.6410827636719,310.62213134765625,0.9287753701210022
17, 482.37567138671875,86.98564910888672,577.6546630859375,320.93804931640625,0.8923842310905457
17, -4.93263578414917,100.02552795410156,79.73394012451172,326.68963623046875,0.8657391667366028
17, 538.838134765625,87.22872161865234,609.7055053710938,281.98114013671875,0.7965329885482788
17, 587.4650268554688,105.87824249267578,636.817626953125,239.28350830078125,0.7332603931427002
17, 172.0509033203125,92.43345642089844,224.8862762451172,252.575439453125,0.710874617099762
18, 389.0149230957031,82.43164825439453,487.6013488769531,318.0192565917969,0.9380718469619751
18, 254.4512481689453,89.56200408935547,337.6342468261719,306.331298828125,0.9280757904052734
18, 482.8663024902344,85.46702575683594,577.4153442382812,321.9502868652344,0.9052245020866394
18, -7.4230146408081055,100.04914855957031,76.09357452392578,326.6825256347656,0.8509711623191833
18, 586.0148315429688,104.99382781982422,637.7206420898438,240.11961364746094,0.7841924428939819
18, 537.8181762695312,87.22545623779297,610.054443359375,282.4148254394531,0.7664913535118103
18, 172.3507537841797,92.66531372070312,224.5467987060547,252.1731414794922,0.7522247433662415
19, 256.6758117675781,92.3841781616211,342.27178955078125,307.9820861816406,0.9494238495826721
19, 392.103515625,83.43011474609375,490.76806640625,317.49395751953125,0.9448084235191345
19, 486.6086730957031,85.99109649658203,579.94189453125,320.7974853515625,0.8868154287338257
19, 172.05577087402344,93.39454650878906,224.75048828125,251.3927001953125,0.798147439956665
19, 583.7855834960938,108.43878936767578,634.1394653320312,241.34228515625,0.773196280002594
19, -6.210109710693359,99.84656524658203,74.9988021850586,326.535888671875,0.7708239555358887
19, 531.6842651367188,86.79933166503906,604.1411743164062,282.24658203125,0.7037138938903809
20, 260.4737548828125,94.60184478759766,344.8173522949219,306.559326171875,0.9372061491012573
20, 392.99072265625,84.74747467041016,490.46392822265625,316.75091552734375,0.9320201277732849
20, 493.2746276855469,84.07246398925781,585.40283203125,317.2899475097656,0.8982223272323608
20, 171.98849487304688,93.43724060058594,224.70480346679688,251.2826690673828,0.8028154969215393
20, 584.56494140625,109.43656921386719,633.1256103515625,240.640869140625,0.7554640173912048
20, -3.6553666591644287,101.35359954833984,72.20362854003906,324.9731750488281,0.5861280560493469
20, 534.093017578125,87.56798553466797,601.287353515625,282.3409423828125,0.5166603922843933
21, 263.511474609375,94.5583267211914,347.7620544433594,306.8193359375,0.9382168650627136
21, 398.38726806640625,85.70549011230469,497.1402893066406,315.7572021484375,0.9271246194839478
21, 497.045166015625,83.43269348144531,588.5267944335938,317.3717956542969,0.8996204733848572
21, 583.4431762695312,109.8136978149414,634.2084350585938,240.79202270507812,0.817657470703125
21, 171.90892028808594,93.2655029296875,224.94728088378906,251.56898498535156,0.7882612347602844
21, 535.3877563476562,92.98239135742188,600.2345581054688,282.08856201171875,0.3769814670085907
21, -4.96206521987915,101.44474792480469,67.08419036865234,324.8336181640625,0.3317983150482178
22, 267.20904541015625,94.93783569335938,350.4310607910156,306.49127197265625,0.9389925003051758
22, 400.0909729003906,84.55155944824219,496.03973388671875,316.4730224609375,0.9339472055435181
22, 503.150634765625,83.92854309082031,594.3802490234375,316.6181335449219,0.885968804359436
22, 172.03846740722656,93.57894134521484,224.58071899414062,250.9822540283203,0.7972737550735474
22, 581.706298828125,108.53691864013672,635.2848510742188,242.33599853515625,0.7878839373588562
22, 525.2890014648438,90.55864715576172,591.7412109375,278.9685363769531,0.34611591696739197
23, 270.5660400390625,95.91200256347656,353.8585205078125,305.6878967285156,0.9399557709693909
23, 402.74267578125,84.53028869628906,499.5791931152344,316.11212158203125,0.9138475656509399
23, 504.7042236328125,84.73820495605469,593.5151977539062,316.05096435546875,0.8341060876846313
23, 171.82786560058594,93.39640045166016,224.7681427001953,251.1222381591797,0.8104549050331116
23, 578.9498901367188,108.90162658691406,632.6279907226562,242.19122314453125,0.7672505974769592
23, 507.0701904296875,92.00224304199219,578.3462524414062,283.5419006347656,0.4341108202934265
23, 523.2894897460938,87.18225860595703,593.41552734375,282.2947082519531,0.35811448097229004
24, 273.6724853515625,95.55663299560547,357.1259765625,305.4657897949219,0.9327635765075684
24, 408.8992919921875,81.64094543457031,505.57720947265625,313.8623352050781,0.8901954293251038
24, 171.82044982910156,92.87694549560547,224.61361694335938,251.40939331054688,0.7843576073646545
24, 578.766357421875,108.37513732910156,632.6993408203125,242.44342041015625,0.7790831327438354
24, 509.49444580078125,84.88861846923828,600.8283081054688,315.6203308105469,0.7534818053245544
24, 507.58349609375,91.59548950195312,577.7387084960938,283.6197204589844,0.5160549283027649
24, 525.8999633789062,85.81959533691406,597.3693237304688,283.76763916015625,0.4619644284248352
25, 280.7005310058594,95.5229263305664,361.9333801269531,304.7855529785156,0.9236841797828674
25, 412.1094665527344,81.66252136230469,508.7141418457031,313.63751220703125,0.914436936378479
25, 508.46002197265625,85.09339904785156,602.3723754882812,315.6962890625,0.8301715850830078
25, 171.52391052246094,92.68651580810547,224.89166259765625,251.72291564941406,0.7637620568275452
25, 578.7747802734375,108.04353332519531,632.6303100585938,242.71009826660156,0.7566704750061035
25, 506.8269348144531,93.82585144042969,572.4076538085938,281.1815490722656,0.43493136763572693
25, 529.278564453125,88.42829895019531,600.06689453125,280.9464111328125,0.40852004289627075
26, 284.20440673828125,93.88462829589844,365.1224060058594,301.8605041503906,0.9355089664459229
26, 414.8741149902344,81.14395904541016,512.2540283203125,313.3873291015625,0.9279155731201172
26, 512.178955078125,85.71354675292969,604.8471069335938,315.12200927734375,0.850081205368042
26, 168.5443115234375,92.39534759521484,222.67779541015625,251.97572326660156,0.7714114189147949
26, 579.206787109375,107.45416259765625,632.168701171875,242.6363067626953,0.7244549989700317
26, 504.3212585449219,92.45893096923828,568.8521728515625,277.7549133300781,0.43193528056144714
27, 287.8359680175781,92.67636108398438,368.3497619628906,302.4130554199219,0.9443973898887634
27, 418.85125732421875,80.48314666748047,514.6841430664062,314.1243896484375,0.9280986785888672
27, 518.10400390625,85.85527038574219,611.2135009765625,315.2518310546875,0.9147817492485046
27, 168.68148803710938,92.54771423339844,222.461669921875,251.825439453125,0.7104321718215942
27, 578.2396850585938,107.44843292236328,632.9013671875,242.4473419189453,0.6923618316650391
27, 499.88128662109375,92.57051849365234,560.4667358398438,277.9440612792969,0.5267800688743591
28, 293.9301452636719,92.75540924072266,374.2778015136719,302.0750732421875,0.9430635571479797
28, 423.27313232421875,80.35199737548828,516.2863159179688,313.6916198730469,0.9287406206130981
28, 522.4495239257812,86.51007843017578,613.1716918945312,315.0592041015625,0.9211224913597107
28, 168.84228515625,92.96123504638672,222.296630859375,251.3015899658203,0.6694073677062988
28, 578.1554565429688,106.91590881347656,633.14794921875,243.04547119140625,0.5932548642158508
28, 494.4955749511719,94.40422821044922,553.0272827148438,280.2220458984375,0.5787259936332703
29, 524.3426513671875,90.22066497802734,611.8955078125,316.3155212402344,0.9252758026123047
29, 298.8604736328125,91.89936828613281,381.42816162109375,302.1836242675781,0.9229650497436523
29, 426.5162658691406,81.8936996459961,519.3153076171875,312.47186279296875,0.921151876449585
29, 168.42591857910156,92.56105041503906,222.76638793945312,251.83213806152344,0.7218125462532043
29, 494.87518310546875,94.082275390625,558.8375854492188,280.8644714355469,0.591762363910675
29, 579.2999267578125,108.04667663574219,632.1734619140625,242.1159210205078,0.5127342343330383
30, 302.3953857421875,89.5221176147461,384.708984375,299.56817626953125,0.9342582821846008
30, 526.4954833984375,91.43582916259766,616.0581665039062,315.64593505859375,0.9249157905578613
30, 428.3448181152344,81.73181915283203,518.367919921875,312.47955322265625,0.9093348979949951
30, 168.40628051757812,93.10578155517578,222.56114196777344,251.16461181640625,0.726382315158844
30, 495.36236572265625,91.3177490234375,564.2977294921875,278.0913391113281,0.6745313405990601
30, 579.9189453125,108.21296691894531,631.4989624023438,241.6971435546875,0.4152253270149231
31, 305.5653076171875,92.48262023925781,388.1684875488281,301.3497009277344,0.9211993217468262
31, 529.76025390625,91.89889526367188,619.240478515625,314.8564147949219,0.9145474433898926
31, 433.2007751464844,82.91382598876953,525.425537109375,311.4314270019531,0.8506371974945068
31, 492.1957092285156,90.03733825683594,567.7344970703125,279.39434814453125,0.8056737780570984
31, 167.98829650878906,92.9231948852539,222.9459991455078,251.42303466796875,0.7222083806991577
31, 577.9452514648438,107.72217559814453,627.3616943359375,242.0985107421875,0.3542354106903076
32, 532.9599609375,87.79708099365234,621.9607543945312,313.6501159667969,0.9355140924453735
32, 308.6048583984375,93.63544464111328,391.823974609375,300.84716796875,0.9344136714935303
32, 433.730712890625,83.37248229980469,525.22998046875,311.228271484375,0.8687766194343567
32, 486.5357666015625,90.60830688476562,561.0206909179688,278.25933837890625,0.8147336840629578
32, 168.01864624023438,92.58293914794922,222.98141479492188,251.81126403808594,0.7301070690155029
32, 576.4461059570312,102.89582824707031,628.7828979492188,241.65689086914062,0.3357464075088501
33, 313.84027099609375,95.18975067138672,398.3036193847656,299.7534484863281,0.9378069043159485
33, 535.9384155273438,87.15872955322266,625.6597290039062,314.2142639160156,0.9264800548553467
33, 436.46221923828125,84.94319152832031,528.3908081054688,309.84271240234375,0.8944327235221863
33, 484.2054748535156,91.111572265625,556.525634765625,278.5663757324219,0.8090073466300964
33, 167.8376922607422,92.55301666259766,223.0291290283203,251.84205627441406,0.7282679080963135
34, 313.9312438964844,96.5278549194336,399.07684326171875,298.7903137207031,0.9355331659317017
34, 540.9381713867188,87.62664794921875,626.7675170898438,313.1807861328125,0.9313802123069763
34, 438.3226013183594,84.95532989501953,533.0833740234375,310.25897216796875,0.8707942366600037
34, 168.13961791992188,92.93639373779297,222.71853637695312,251.5006866455078,0.7118498682975769
34, 478.1948547363281,89.34024810791016,550.2700805664062,280.2459716796875,0.701570987701416
35, 320.48297119140625,96.8625259399414,404.3385314941406,298.4064025878906,0.9370494484901428
35, 544.0708618164062,85.83370971679688,630.1815795898438,309.6733703613281,0.9266461730003357
35, 440.7292785644531,88.99468994140625,537.01904296875,311.4427795410156,0.8528881669044495
35, 168.05967712402344,92.7686538696289,222.7853546142578,251.7608184814453,0.6988757252693176
35, 470.1301574707031,89.56071472167969,545.568603515625,280.17901611328125,0.4844549000263214
36, 324.039794921875,96.27709197998047,407.3229064941406,298.8724060058594,0.945709228515625
36, 547.2178955078125,85.53633117675781,633.0338134765625,309.5041809082031,0.9334702491760254
36, 443.9748840332031,90.0079345703125,539.977294921875,310.2139892578125,0.8366336226463318
36, 168.04931640625,92.30854797363281,222.88922119140625,252.10614013671875,0.7104164958000183
36, 467.2109069824219,91.20670318603516,542.2343139648438,278.578125,0.40831229090690613
37, 327.8636474609375,96.73834991455078,409.8299560546875,298.356689453125,0.9440192580223083
37, 550.0576171875,85.49542236328125,636.430908203125,309.8235778808594,0.9388293027877808
37, 447.12115478515625,90.99076843261719,543.3394165039062,309.26568603515625,0.868159830570221
37, 168.2968292236328,92.46659851074219,222.50770568847656,252.0506591796875,0.6735523343086243
37, 442.43646240234375,106.3984375,491.2847595214844,238.6412353515625,0.3129732310771942
38, 554.1489868164062,85.57821655273438,638.025390625,309.4291687011719,0.9400539398193359
38, 332.1072692871094,95.94145202636719,412.4910583496094,297.7055969238281,0.9323627948760986
38, 450.87396240234375,87.05516815185547,545.6402587890625,308.3409423828125,0.9024791717529297
38, 168.0584259033203,92.479736328125,222.8274383544922,251.8959503173828,0.6741172671318054
38, 440.3763427734375,106.00336456298828,486.9818420410156,239.09945678710938,0.4351171553134918
39, 554.9038696289062,87.01152038574219,638.0043334960938,307.72772216796875,0.9358194470405579
39, 335.599609375,93.28287506103516,415.6046142578125,294.9212951660156,0.9251790046691895
39, 455.296630859375,87.62317657470703,547.5718383789062,307.33746337890625,0.8666679263114929
39, 168.036376953125,92.58948516845703,222.84703063964844,251.82040405273438,0.7326094508171082
39, 437.6517333984375,105.35478973388672,483.7600402832031,239.670166015625,0.6644175052642822
40, 558.6431884765625,88.38020324707031,640.6748657226562,306.3627624511719,0.9430735111236572
40, 341.4053649902344,92.59589385986328,421.39990234375,294.780517578125,0.9380077719688416
40, 458.786376953125,86.80420684814453,550.4766845703125,307.11212158203125,0.8995898365974426
40, 437.2123107910156,105.49491119384766,483.5709533691406,239.59213256835938,0.7201658487319946
40, 168.0500946044922,92.36276245117188,222.83847045898438,252.25436401367188,0.7018523812294006
41, 344.9922180175781,92.56858825683594,423.9721984863281,294.6962890625,0.9365589022636414
41, 560.1544799804688,88.84491729736328,644.7100219726562,306.1297607421875,0.925708532333374
41, 460.9955139160156,82.85774993896484,554.468994140625,305.8382568359375,0.895582914352417
41, 434.4845886230469,105.34661865234375,480.6937561035156,239.9139404296875,0.7292638421058655
41, 167.6338653564453,92.4001693725586,222.983642578125,252.17184448242188,0.6790100336074829
42, 348.37567138671875,91.5595932006836,426.98974609375,291.87921142578125,0.9363383054733276
42, 559.9659423828125,88.92047882080078,645.6767578125,306.43023681640625,0.9020275473594666
42, 459.97265625,82.02306365966797,555.9923095703125,306.2904357910156,0.8789167404174805
42, 434.9679260253906,106.71017456054688,479.6036071777344,238.7102813720703,0.7128778696060181
42, 167.7490997314453,92.43246459960938,222.92222595214844,252.2603759765625,0.6974907517433167
43, 352.3039855957031,92.26264190673828,429.8004455566406,291.0155029296875,0.9357602596282959
43, 563.7050170898438,92.41778564453125,647.48974609375,307.84698486328125,0.9140706062316895
43, 466.0824279785156,81.70337677001953,562.1567993164062,306.7709045410156,0.8732203841209412
43, 432.44342041015625,106.75007629394531,476.3787841796875,238.70816040039062,0.7263244986534119
43, 168.2113494873047,93.22944641113281,222.4562225341797,251.3989715576172,0.7196214199066162
43, 455.63671875,95.98088073730469,522.0064086914062,279.1153869628906,0.5937731266021729
44, 564.86962890625,92.43260955810547,647.21533203125,308.3333740234375,0.9277067184448242
44, 354.9161071777344,93.86000061035156,433.9186706542969,293.6719055175781,0.9190930128097534
44, 469.12701416015625,81.64290618896484,565.6578979492188,307.0181579589844,0.9037235975265503
44, 432.0306396484375,108.11537170410156,476.1984558105469,241.31744384765625,0.7370777130126953
44, 167.62179565429688,92.61641693115234,222.93185424804688,251.83203125,0.7107182145118713
44, 453.1278381347656,94.12735748291016,518.4120483398438,275.7433776855469,0.6893901228904724
45, 360.2881774902344,94.88078308105469,440.1815185546875,293.2834167480469,0.9325849413871765
45, 566.7769165039062,92.63652038574219,645.3314819335938,308.1035461425781,0.9268894195556641
45, 473.4747314453125,83.64738464355469,567.7715454101562,304.9064025878906,0.9167116284370422
45, 452.3892517089844,93.61283111572266,518.8190307617188,275.832275390625,0.7794877886772156
45, 431.81402587890625,108.67947387695312,476.0122375488281,241.18312072753906,0.7418443560600281
45, 167.92861938476562,92.5283203125,222.58499145507812,252.05735778808594,0.7069995403289795
46, 363.46929931640625,96.44058990478516,443.4967041015625,292.3885498046875,0.9349148869514465
46, 476.2164306640625,83.51824188232422,571.6278686523438,305.0509033203125,0.917357325553894
46, 570.9072875976562,91.62916564941406,646.6452026367188,309.164794921875,0.9050000309944153
46, 449.35711669921875,92.76823425292969,515.8721313476562,276.27655029296875,0.8109022974967957
46, 429.1445007324219,108.71664428710938,473.5658874511719,241.6455841064453,0.7538910508155823
46, 167.58143615722656,92.5526123046875,222.96929931640625,251.98562622070312,0.7469481825828552
47, 364.48486328125,96.97281646728516,443.3999328613281,291.7463684082031,0.9357789754867554
47, 481.67919921875,84.7705078125,578.3097534179688,304.13818359375,0.9216929078102112
47, 570.4243774414062,91.04842376708984,647.722412109375,309.4374084472656,0.8850047588348389
47, 446.3537292480469,92.35645294189453,512.9833374023438,276.46771240234375,0.8364297151565552
47, 429.2138977050781,110.31015014648438,473.2801513671875,239.98219299316406,0.7789638638496399
47, 168.14865112304688,92.73041534423828,222.57044982910156,251.8159637451172,0.7144147753715515
48, 367.6171569824219,97.04261016845703,446.55548095703125,291.2373352050781,0.9336400032043457
48, 484.42535400390625,85.6542739868164,581.8043823242188,303.0310363769531,0.9218981266021729
48, 443.91961669921875,90.58419799804688,509.1974792480469,273.6753845214844,0.8518821597099304
48, 575.02001953125,88.30403900146484,648.8660888671875,306.8134460449219,0.847704291343689
48, 167.79962158203125,92.56316375732422,222.86776733398438,251.77227783203125,0.7387963533401489
48, 425.53424072265625,108.83634948730469,470.5826721191406,240.81605529785156,0.7172731757164001
49, 373.221923828125,95.66077423095703,452.3785705566406,292.0924377441406,0.9193299412727356
49, 485.2490234375,86.36534118652344,581.4315185546875,302.3741760253906,0.9156335592269897
49, 442.8407287597656,90.0132827758789,509.24847412109375,273.7306823730469,0.8383450508117676
49, 575.7545166015625,87.79208374023438,648.5743408203125,306.4703674316406,0.8379358649253845
49, 167.94203186035156,93.06108093261719,222.66954040527344,251.45782470703125,0.7492635846138
49, 425.2111511230469,106.67577362060547,470.3857727050781,238.37252807617188,0.6134811639785767
50, 377.2112121582031,95.31056213378906,454.92376708984375,287.9119567871094,0.9170976877212524
50, 489.04461669921875,86.6991958618164,583.998046875,302.4214172363281,0.8922637701034546
50, 440.0755920410156,90.66077423095703,505.852783203125,273.0107727050781,0.8704795837402344
50, 580.1058959960938,89.1373519897461,650.2471313476562,305.1453552246094,0.7706642746925354
50, 168.2919158935547,92.91334533691406,222.24395751953125,251.27069091796875,0.72434401512146
50, 422.55389404296875,107.2649154663086,467.1050720214844,237.36990356445312,0.4957984387874603
51, 380.7583923339844,94.82261657714844,458.3848571777344,288.3309020996094,0.9258214235305786
51, 492.0064392089844,86.13475799560547,587.302734375,302.9954528808594,0.898797869682312
51, 437.1438903808594,91.11830139160156,503.1641540527344,272.602783203125,0.878729522228241
51, 168.2598419189453,92.98031616210938,222.36399841308594,251.4913787841797,0.7207894325256348
51, 584.8654174804688,88.9753189086914,651.6235961914062,305.03155517578125,0.571303129196167
52, 387.144775390625,94.17533874511719,463.56591796875,288.6734313964844,0.9340041875839233
52, 496.297119140625,86.18115234375,589.3092651367188,302.7850341796875,0.9007298350334167
52, 435.1142272949219,91.15538787841797,498.9667663574219,272.8998718261719,0.8823689222335815
52, 168.23252868652344,93.0025634765625,222.39134216308594,251.4224395751953,0.7178152799606323
52, 585.8255004882812,87.29374694824219,651.130126953125,301.5965881347656,0.5672441720962524
53, 390.7459716796875,93.05577087402344,467.2855529785156,288.78277587890625,0.9442846179008484
53, 500.7017822265625,85.77618408203125,596.92041015625,302.8662414550781,0.8942416310310364
53, 431.96917724609375,90.77861022949219,495.9332275390625,273.4869689941406,0.8601968884468079
53, 168.1379852294922,93.05859375,222.4795684814453,251.2686767578125,0.7402380108833313
53, 587.1626586914062,86.61207580566406,649.9692993164062,301.84918212890625,0.5253101587295532
54, 393.6625671386719,91.55320739746094,470.81207275390625,289.68023681640625,0.9311543107032776
54, 502.1177673339844,85.32172393798828,596.2061157226562,302.7425231933594,0.905063271522522
54, 431.73321533203125,90.7695541381836,495.86346435546875,273.16583251953125,0.7718595266342163
54, 168.11367797851562,92.8974380493164,222.60162353515625,251.4878387451172,0.7397350668907166
54, 589.8189697265625,87.68663787841797,653.3370361328125,300.9764709472656,0.3933104872703552
55, 505.4521179199219,83.17025756835938,598.886962890625,299.70721435546875,0.9039369225502014
55, 399.1661376953125,89.44422149658203,476.9487609863281,287.2251281738281,0.8930271863937378
55, 167.7041473388672,93.05630493164062,222.7857666015625,251.32000732421875,0.7445396780967712
55, 427.4764099121094,89.1674575805664,493.55126953125,274.648193359375,0.5542640089988708
55, 590.971435546875,87.94953155517578,652.0447998046875,301.039306640625,0.30104318261146545
56, 508.65789794921875,81.52438354492188,602.2348022460938,301.02044677734375,0.9040342569351196
56, 401.78204345703125,93.6669921875,480.96636962890625,287.71441650390625,0.8898770809173584
56, 167.8004608154297,92.7134017944336,222.71707153320312,251.29769897460938,0.7670971155166626
56, 579.10791015625,104.44022369384766,626.3407592773438,240.50332641601562,0.3599766790866852
57, 513.7959594726562,80.76986694335938,603.3535766601562,302.1639099121094,0.9151197671890259
57, 403.806884765625,94.15181732177734,485.3899841308594,287.9838562011719,0.9026117920875549
57, 167.7463836669922,92.47602844238281,222.59005737304688,251.7850799560547,0.7006701231002808
57, 578.005126953125,106.02418518066406,627.2049560546875,244.1250457763672,0.40525883436203003
58, 519.4381713867188,81.26789855957031,609.5308227539062,301.6931457519531,0.9230591058731079
58, 407.0906982421875,94.6884765625,488.4630432128906,287.6737365722656,0.9227022528648376
58, 167.82005310058594,92.93595886230469,222.47879028320312,251.40664672851562,0.7191088795661926
58, 578.2564697265625,105.18132781982422,627.0725708007812,244.5203399658203,0.44105836749076843
59, 410.7758483886719,94.72786712646484,490.9534912109375,287.86151123046875,0.9276798367500305
59, 522.0825805664062,81.29676818847656,613.5037841796875,301.7272033691406,0.9216976165771484
59, 167.4736785888672,93.00950622558594,222.78948974609375,251.34976196289062,0.7004594206809998
59, 579.4204711914062,105.1479721069336,625.7244873046875,239.9834747314453,0.34759026765823364
60, 414.0754089355469,95.60076904296875,494.2989196777344,287.4629211425781,0.9192023277282715
60, 525.2890014648438,81.24880981445312,616.6174926757812,302.02008056640625,0.909960150718689
60, 167.5647430419922,93.20492553710938,222.76995849609375,251.2808380126953,0.7429813146591187
60, 407.5698547363281,95.9629135131836,469.0123291015625,267.6241760253906,0.4484473764896393
60, 577.0829467773438,105.01334381103516,622.0162963867188,239.9396514892578,0.3283132314682007
61, 418.257080078125,97.98588562011719,496.5724182128906,289.4648742675781,0.9186671376228333
61, 529.3050537109375,85.49771881103516,618.6729125976562,302.25006103515625,0.9071465134620667
61, 166.48312377929688,92.41107177734375,224.01519775390625,251.7393798828125,0.7469621896743774
61, 402.4399108886719,94.24439239501953,462.181640625,269.1117858886719,0.6300332546234131
61, 576.8633422851562,104.48007202148438,622.289794921875,240.27894592285156,0.34619054198265076
62, 422.7611083984375,96.20514678955078,498.78851318359375,286.5038146972656,0.922137439250946
62, 530.083251953125,86.13069915771484,618.7150268554688,301.9905090332031,0.9055238366127014
62, 398.4854736328125,93.99800872802734,459.87933349609375,269.20355224609375,0.7662676572799683
62, 166.84226989746094,92.47001647949219,223.6513671875,251.8159942626953,0.7448323965072632
62, 575.6828002929688,103.23786926269531,623.1463623046875,240.8428192138672,0.3170166611671448
63, 426.2419738769531,97.03244018554688,501.75006103515625,284.56610107421875,0.9156141877174377
63, 532.8710327148438,87.45992279052734,621.9876098632812,300.661865234375,0.9038565158843994
63, 397.3089599609375,93.09256744384766,460.65093994140625,269.96746826171875,0.8322911858558655
63, 166.9425506591797,92.49475860595703,223.6219024658203,251.58029174804688,0.7651258707046509
63, 570.2451171875,95.11128234863281,622.4862060546875,242.49368286132812,0.3537720739841461
64, 536.4060668945312,87.59133911132812,624.9229125976562,300.6379699707031,0.920134425163269
64, 394.1346740722656,91.57384490966797,463.29693603515625,271.40045166015625,0.8873879909515381
64, 431.8138427734375,94.03213500976562,507.7999572753906,282.7623291015625,0.8868117928504944
64, 167.08102416992188,91.89993286132812,223.6042938232422,252.14700317382812,0.7748006582260132
65, 539.0916137695312,88.1843032836914,628.2298583984375,300.0684814453125,0.929857075214386
65, 435.3741455078125,93.23580932617188,510.5600891113281,283.06268310546875,0.9254871606826782
65, 391.27587890625,91.38130187988281,460.7882080078125,270.8219299316406,0.9004946947097778
65, 166.97682189941406,91.80510711669922,223.7616424560547,252.44834899902344,0.7895481586456299
66, 436.81781005859375,92.29735565185547,510.1029357910156,283.75335693359375,0.9324027895927429
66, 541.9574584960938,87.9488754272461,631.2264404296875,300.32958984375,0.9172760844230652
66, 390.5978088378906,91.34481811523438,460.35247802734375,271.0345458984375,0.9130114912986755
66, 166.56077575683594,91.73564147949219,224.0859375,252.73394775390625,0.8167918920516968
67, 440.6331481933594,91.63561248779297,512.6302490234375,283.8620910644531,0.9331434965133667
67, 388.9764099121094,91.37117004394531,455.7862854003906,270.88604736328125,0.9105883836746216
67, 546.3062133789062,87.94603729248047,632.9790649414062,300.0453796386719,0.9104362726211548
67, 166.74563598632812,91.41200256347656,224.14183044433594,252.40431213378906,0.7913762331008911
68, 443.7038269042969,90.38412475585938,515.2139892578125,280.3621520996094,0.9276402592658997
68, 386.2480773925781,91.78673553466797,452.33331298828125,270.1830749511719,0.8971995115280151
68, 546.84423828125,84.73834991455078,633.4970092773438,298.0255432128906,0.8825183510780334
68, 166.70875549316406,92.11132049560547,224.2289276123047,252.0503387451172,0.806026816368103
69, 445.5054016113281,91.66424560546875,519.3392944335938,283.0260925292969,0.93104487657547
69, 383.3173828125,91.76457214355469,449.4827575683594,270.493408203125,0.9214450120925903
69, 550.3875732421875,84.26158142089844,636.1443481445312,298.0332946777344,0.9115492105484009
69, 165.89686584472656,91.23731231689453,225.1004638671875,252.6156463623047,0.8038817644119263
70, 449.0091857910156,92.663818359375,522.3826904296875,282.4621276855469,0.935905933380127
70, 380.4145812988281,92.59182739257812,446.518798828125,270.3398742675781,0.9000669717788696
70, 553.375244140625,84.20458984375,638.9705810546875,297.5315856933594,0.8833352327346802
70, 169.25827026367188,91.2686767578125,227.33702087402344,253.06797790527344,0.8175430297851562
71, 451.9754333496094,93.55158233642578,525.4691772460938,282.010986328125,0.941119372844696
71, 557.2718505859375,84.5890121459961,641.7281494140625,296.8470764160156,0.894588828086853
71, 377.5708312988281,93.19664001464844,443.1252746582031,270.5660705566406,0.8780248165130615
71, 168.69703674316406,91.06695556640625,228.25399780273438,253.0061798095703,0.8462260365486145
72, 453.4047546386719,94.80889892578125,525.034423828125,281.4071350097656,0.93953937292099
72, 376.463134765625,94.32540130615234,443.31243896484375,269.57537841796875,0.8909300565719604
72, 561.0716552734375,83.9919204711914,643.4682006835938,297.517333984375,0.890264093875885
72, 168.29092407226562,91.08255004882812,229.18572998046875,253.26329040527344,0.8331108093261719
73, 455.60821533203125,95.73741149902344,528.673095703125,280.8304748535156,0.9423016905784607
73, 562.1817626953125,84.19509887695312,643.3570556640625,297.3080139160156,0.9033840298652649
73, 374.2955322265625,97.18822479248047,439.651611328125,271.26141357421875,0.849504828453064
73, 170.71827697753906,91.70196533203125,232.15794372558594,252.5887908935547,0.823043704032898
73, 392.0137023925781,103.76504516601562,440.4930419921875,241.30047607421875,0.3979172706604004
74, 458.53607177734375,96.10078430175781,531.513427734375,280.6562194824219,0.938651442527771
74, 566.820556640625,85.71781158447266,644.6063232421875,295.8233642578125,0.8776478171348572
74, 372.6341857910156,98.04730224609375,440.427978515625,270.51446533203125,0.8445408344268799
74, 170.84317016601562,91.5891342163086,232.38021850585938,252.83790588378906,0.8421084880828857
74, 556.22998046875,106.89092254638672,605.3250732421875,244.5557098388672,0.44663408398628235
74, 392.1278076171875,104.95283508300781,440.0677490234375,240.3042755126953,0.40879255533218384
75, 461.0948181152344,96.3292007446289,535.2297973632812,280.316650390625,0.9310794472694397
75, 566.5521850585938,86.12847137451172,644.45068359375,295.4274597167969,0.8688052892684937
75, 369.39630126953125,97.28897857666016,437.40179443359375,271.2421875,0.8553555011749268
75, 169.99664306640625,91.46479797363281,233.50140380859375,253.03074645996094,0.8372684717178345
75, 388.3968811035156,107.48370361328125,437.763427734375,242.5545196533203,0.5306152105331421
75, 556.5089721679688,107.20403289794922,604.4521484375,243.8839569091797,0.3930588364601135
76, 460.1243896484375,95.22129821777344,536.909423828125,281.1070861816406,0.9424149394035339
76, 566.455078125,86.64238739013672,645.22021484375,295.2861022949219,0.8714298009872437
76, 365.1662292480469,95.25628662109375,430.1893005371094,268.8607482910156,0.849327564239502
76, 170.4097442626953,91.73206329345703,233.3507080078125,252.81988525390625,0.8327236175537109
76, 388.3711853027344,107.16033935546875,437.6490783691406,242.59036254882812,0.5460306406021118
76, 555.4679565429688,107.86648559570312,605.26123046875,248.4916534423828,0.3447440266609192
77, 462.6697998046875,94.68657684326172,540.701416015625,280.7569274902344,0.9308590888977051
77, 364.4214782714844,95.04438018798828,430.0472106933594,268.74322509765625,0.8911393284797668
77, 170.06887817382812,91.43231964111328,233.79403686523438,253.06649780273438,0.8306851387023926
77, 571.9838256835938,88.0279541015625,645.5194702148438,293.87786865234375,0.8085678219795227
77, 388.3293151855469,107.0322494506836,437.7818603515625,242.871337890625,0.638333797454834
77, 552.87109375,105.59746551513672,601.5217895507812,250.68194580078125,0.31645625829696655
77, 561.3248901367188,106.16095733642578,618.7091674804688,262.9682922363281,0.30399075150489807
78, 466.3707580566406,92.26879119873047,543.2427978515625,278.4911193847656,0.9251525402069092
78, 361.4225158691406,94.79267883300781,427.4549560546875,268.9657287597656,0.8958994746208191
78, 172.8157958984375,91.73612976074219,236.4965057373047,253.01272583007812,0.8508198261260986
78, 576.9660034179688,89.9053726196289,646.7456665039062,292.4258728027344,0.8163884878158569
78, 388.8486633300781,106.74382019042969,437.7972106933594,243.13876342773438,0.6533699035644531
78, 551.20068359375,105.75914001464844,603.48095703125,269.53875732421875,0.5656471848487854
79, 470.167724609375,91.63882446289062,546.0571899414062,279.0330810546875,0.9034795761108398
79, 360.39898681640625,93.71597290039062,427.3846130371094,269.2944641113281,0.8878561854362488
79, 173.16856384277344,91.30717468261719,236.16065979003906,253.53399658203125,0.855352520942688
79, 576.5444946289062,90.2245101928711,647.3425903320312,292.3892822265625,0.7958042025566101
79, 392.91925048828125,107.16088104248047,439.4008483886719,242.7103729248047,0.7195740938186646
79, 548.0010375976562,103.3016357421875,600.857421875,266.6897888183594,0.5041355490684509
80, 477.0943908691406,94.44886016845703,551.1052856445312,280.2753601074219,0.9063599705696106
80, 359.01678466796875,93.42495727539062,423.2164611816406,268.9147644042969,0.8923148512840271
80, 173.97010803222656,89.8500747680664,236.1552276611328,253.9493865966797,0.85589998960495
80, 393.0323791503906,107.5193099975586,439.4344482421875,241.93850708007812,0.7499699592590332
80, 575.5092163085938,88.47186279296875,648.580078125,293.65533447265625,0.7045196294784546
80, 550.2927856445312,106.46784973144531,604.2560424804688,269.3028564453125,0.5032138228416443
81, 480.5959777832031,92.81482696533203,553.97802734375,277.71783447265625,0.9066445231437683
81, 356.1873779296875,92.9512710571289,420.08038330078125,268.9796142578125,0.8722946047782898
81, 176.94847106933594,90.7595443725586,238.35769653320312,253.00540161132812,0.862807035446167
81, 389.4773864746094,106.9737777709961,437.25018310546875,242.62083435058594,0.7575536966323853
81, 560.3223266601562,110.37537384033203,619.8446655273438,271.7485656738281,0.6394919753074646
81, 583.62255859375,86.24951171875,646.738525390625,290.1261901855469,0.6211391091346741
82, 483.6297607421875,95.12435150146484,557.4103393554688,279.7791442871094,0.9041590094566345
82, 352.6746520996094,91.38463592529297,417.3121643066406,266.3474426269531,0.8986338973045349
82, 176.5838623046875,91.13866424560547,238.82794189453125,253.02354431152344,0.8628421425819397
82, 558.5709838867188,111.0764389038086,621.1124877929688,271.1701354980469,0.8048436045646667
82, 392.0361633300781,106.50151062011719,439.9955749511719,242.63197326660156,0.7839819192886353
82, 584.5499267578125,85.12779998779297,646.0470581054688,290.7871398925781,0.5520241856575012
83, 352.1818542480469,91.47105407714844,416.895751953125,266.1141052246094,0.9150036573410034
83, 487.289794921875,95.63265228271484,560.5504150390625,279.4139099121094,0.9030774831771851
83, 176.62002563476562,89.33050537109375,239.27101135253906,254.00433349609375,0.860097348690033
83, 392.415283203125,105.7284927368164,439.9079284667969,239.45639038085938,0.8334051370620728
83, 554.8755493164062,110.08783721923828,618.86669921875,271.9280700683594,0.8133934736251831
83, 588.5016479492188,84.41561889648438,647.9119873046875,291.0318908691406,0.438646525144577
84, 349.8923645019531,90.74214935302734,413.28741455078125,266.6614685058594,0.9117789268493652
84, 489.9017028808594,95.96056365966797,564.1474609375,279.2232360839844,0.8982653617858887
84, 176.64561462402344,92.16719055175781,239.44773864746094,252.14718627929688,0.8821133971214294
84, 392.11102294921875,105.86088562011719,440.3121032714844,239.44264221191406,0.8375913500785828
84, 554.9851684570312,109.31871032714844,618.735595703125,272.4133605957031,0.8331940770149231
85, 347.2511901855469,91.34139251708984,410.3447265625,265.7248840332031,0.915415346622467
85, 492.2176208496094,96.22254180908203,568.061279296875,279.2548828125,0.9101106524467468
85, 176.96533203125,92.73770904541016,239.4239959716797,251.75587463378906,0.8914487957954407
85, 392.2974548339844,105.76923370361328,440.13348388671875,239.5021514892578,0.8478145003318787
85, 552.1402587890625,108.62262725830078,615.4178466796875,272.7735900878906,0.8080178499221802
86, 346.2237854003906,91.23704528808594,410.4803771972656,266.0579833984375,0.9384498596191406
86, 495.056640625,96.77775573730469,571.1126708984375,278.8608703613281,0.920355498790741
86, 176.94590759277344,92.17011260986328,239.65257263183594,252.25216674804688,0.8705772161483765
86, 391.6770324707031,105.30056762695312,440.582763671875,239.90298461914062,0.848041296005249
86, 551.8693237304688,106.49311065673828,608.8030395507812,270.0060119628906,0.8472895622253418
87, 342.73822021484375,91.23126220703125,408.5494689941406,266.0622253417969,0.9233716726303101
87, 499.1181945800781,97.02935791015625,573.4004516601562,278.7479248046875,0.9163272976875305
87, 179.68495178222656,92.54808044433594,241.97775268554688,251.87481689453125,0.8816829919815063
87, 549.278076171875,108.49309539794922,605.45361328125,272.9367370605469,0.8295090794563293
87, 391.5929260253906,105.15728759765625,440.37396240234375,240.09512329101562,0.8105399012565613
88, 342.3843688964844,91.83832550048828,407.43359375,265.382568359375,0.9238177537918091
88, 502.5983581542969,96.77564239501953,576.3486328125,278.8246154785156,0.8990395665168762
88, 180.37185668945312,92.62244415283203,241.73898315429688,251.8681182861328,0.8915484547615051
88, 389.62335205078125,105.58128356933594,437.11376953125,239.64520263671875,0.8223708868026733
88, 546.4620971679688,108.20428466796875,602.124755859375,273.5594177246094,0.7685719728469849
89, 338.7039489746094,91.80481719970703,405.3706970214844,265.6156311035156,0.9280945062637329
89, 180.1329345703125,92.72639465332031,242.3751983642578,251.7156219482422,0.9107359647750854
89, 507.0229187011719,95.61592102050781,578.6436157226562,279.4931640625,0.8563993573188782
89, 391.6067810058594,105.17035675048828,440.3184509277344,240.15609741210938,0.8274469375610352
89, 544.9038696289062,107.76119232177734,602.9489135742188,274.4891052246094,0.7347267270088196
90, 334.172119140625,92.26991271972656,403.8315124511719,264.83642578125,0.9211879968643188
90, 180.59495544433594,92.51252746582031,242.3005828857422,251.67123413085938,0.8911681175231934
90, 511.14434814453125,93.01703643798828,586.3339233398438,277.1408386230469,0.8505223989486694
90, 391.6866455078125,105.38523864746094,440.3255310058594,240.08656311035156,0.8278312683105469
90, 537.6065673828125,104.26087951660156,597.9676513671875,271.8205261230469,0.397011399269104
91, 183.5732879638672,92.92792510986328,244.4031524658203,251.1744384765625,0.8986239433288574
91, 330.9020080566406,93.20523834228516,401.2179870605469,264.02349853515625,0.890952467918396
91, 516.0478515625,92.6204605102539,594.4401245117188,276.7677307128906,0.8539746403694153
91, 388.741455078125,105.40257263183594,438.0384521484375,240.1721649169922,0.8320688009262085
92, 183.56100463867188,92.67098999023438,244.68414306640625,251.32589721679688,0.9069934487342834
92, 331.0304260253906,93.8880615234375,400.4316711425781,263.51995849609375,0.8988654613494873
92, 388.25067138671875,105.34262084960938,438.4897766113281,240.2579345703125,0.853407621383667
92, 521.3541870117188,93.13533020019531,601.6680908203125,276.0862731933594,0.8322051763534546
93, 183.950439453125,92.92780303955078,244.72805786132812,251.44451904296875,0.9201390743255615
93, 328.3391418457031,94.34148406982422,397.354736328125,263.2045593261719,0.8854629993438721
93, 522.004638671875,92.73806762695312,601.0281372070312,276.7486572265625,0.8656315207481384
93, 388.34002685546875,105.2872543334961,438.3420715332031,240.33351135253906,0.852357804775238
94, 184.4523162841797,92.75505065917969,244.52325439453125,251.450927734375,0.906219482421875
94, 328.0498352050781,94.67605590820312,396.9564208984375,263.0980529785156,0.8895797729492188
94, 387.8047180175781,105.29226684570312,438.56610107421875,240.28627014160156,0.8603562712669373
94, 525.4979858398438,93.33346557617188,603.7139892578125,275.98956298828125,0.8296631574630737
95, 184.22300720214844,92.46235656738281,244.81576538085938,251.65008544921875,0.9138454794883728
95, 325.3781433105469,94.69559478759766,394.0564880371094,263.1290588378906,0.8822920918464661
95, 387.9190673828125,105.56124114990234,438.19580078125,240.0881805419922,0.8656339645385742
95, 529.261962890625,93.43954467773438,606.5452880859375,275.8839416503906,0.7765495181083679
95, 512.3743286132812,102.68083190917969,579.1475219726562,272.5619201660156,0.3677715063095093
96, 184.01614379882812,93.02155303955078,245.11631774902344,251.27438354492188,0.9176503419876099
96, 324.99237060546875,94.54142761230469,393.2730407714844,263.2300720214844,0.8870450854301453
96, 386.944580078125,106.24457550048828,439.2336120605469,242.98841857910156,0.8587498664855957
96, 538.3091430664062,95.63117218017578,616.0164794921875,273.8279724121094,0.8096411228179932
96, 509.6351623535156,110.56765747070312,569.1651000976562,270.75421142578125,0.654449999332428
97, 183.8975067138672,93.06066131591797,245.3241729736328,251.0835723876953,0.9115508794784546
97, 321.7940979003906,94.0617904663086,390.7065734863281,263.33477783203125,0.9047549366950989
97, 386.6225280761719,106.53550720214844,439.2613220214844,243.0365447998047,0.8722284436225891
97, 542.028076171875,95.66806030273438,618.7239990234375,274.1478576660156,0.8480493426322937
97, 505.7978515625,112.93781280517578,560.5120239257812,268.21649169921875,0.7383491396903992
98, 183.9059600830078,92.86703491210938,245.33950805664062,250.90716552734375,0.906591534614563
98, 319.6316833496094,93.95668029785156,387.1771240234375,263.2201232910156,0.9053269028663635
98, 386.0448913574219,106.11622619628906,439.6295166015625,243.35411071777344,0.8679761290550232
98, 542.84033203125,97.54210662841797,618.3984375,272.63543701171875,0.8525731563568115
98, 504.6546936035156,111.12736511230469,561.9048461914062,269.89630126953125,0.7631319761276245
99, 318.7212829589844,93.45584106445312,387.2359313964844,263.56317138671875,0.9138686656951904
99, 183.67633056640625,93.22145080566406,245.58070373535156,250.93173217773438,0.8982572555541992
99, 385.9150390625,106.21180725097656,439.65606689453125,243.2736358642578,0.8644670844078064
99, 546.0323486328125,98.8871078491211,620.9515991210938,276.0897216796875,0.8521920442581177
99, 504.167236328125,109.91987609863281,561.7947387695312,266.51318359375,0.8028792142868042
100, 316.41290283203125,93.02974700927734,383.9566650390625,263.7083435058594,0.9130753874778748
100, 183.66754150390625,93.07052612304688,245.57357788085938,251.06443786621094,0.9029329419136047
100, 383.3765563964844,105.86711120605469,437.21295166015625,243.30038452148438,0.8451251983642578
100, 549.6290283203125,97.62015533447266,623.6484985351562,272.567138671875,0.8400184512138367
100, 501.3802490234375,109.5269546508789,558.0902709960938,266.35101318359375,0.8177446126937866
100, 524.9713134765625,106.1220474243164,572.5107421875,250.601318359375,0.3376855254173279
101, 313.9047546386719,93.8447265625,380.4208679199219,262.95770263671875,0.9068700671195984
101, 183.71478271484375,93.16841125488281,245.44171142578125,250.99107360839844,0.9005515575408936
101, 552.8820190429688,96.94735717773438,626.7191772460938,273.3060302734375,0.8630142211914062
101, 383.694580078125,104.57556915283203,436.8747253417969,241.102294921875,0.859683632850647
101, 497.810302734375,109.3275146484375,555.3892211914062,266.5692443847656,0.8506823778152466
101, 524.7120361328125,106.91170501708984,572.9500732421875,250.1333465576172,0.49851253628730774
102, 183.71368408203125,92.73985290527344,245.2913055419922,251.30892944335938,0.913037896156311
102, 313.792724609375,93.52298736572266,379.72198486328125,262.3686828613281,0.8980410099029541
102, 556.9109497070312,97.00455474853516,629.2935180664062,272.3254089355469,0.8894587159156799
102, 383.4413757324219,104.33174896240234,437.0026550292969,241.1024932861328,0.881054699420929
102, 493.28350830078125,107.80907440185547,553.8551025390625,267.47216796875,0.8756160140037537
102, 528.21533203125,108.38751983642578,575.9121704101562,247.92359924316406,0.5971029996871948
103, 183.4636993408203,92.21612548828125,245.52435302734375,251.535888671875,0.9159618020057678
103, 311.21209716796875,93.3505630493164,376.6787109375,262.8764953613281,0.9033089280128479
103, 560.5361938476562,96.85420989990234,632.0286865234375,272.07635498046875,0.8901903033256531
103, 383.0476379394531,103.93782806396484,437.395751953125,241.70704650878906,0.8766909837722778
103, 487.9275817871094,108.67472839355469,547.2618408203125,266.7342529296875,0.8688989877700806
103, 527.2597045898438,107.59175872802734,577.2610473632812,249.38685607910156,0.660496711730957
104, 183.6170196533203,92.9253158569336,245.26409912109375,250.7853240966797,0.9155082702636719
104, 311.3584899902344,93.3613052368164,375.47760009765625,262.4411315917969,0.9021056890487671
104, 564.7274169921875,97.72736358642578,634.4696044921875,271.13519287109375,0.8997097015380859
104, 382.85284423828125,103.96583557128906,437.4265441894531,241.56329345703125,0.8804135918617249
104, 482.3282470703125,107.6860122680664,546.4369506835938,267.2200622558594,0.8567664623260498
104, 525.6861572265625,106.1113510131836,578.8221435546875,250.262939453125,0.7345624566078186
105, 183.7162322998047,92.46165466308594,245.00120544433594,251.36390686035156,0.9160218834877014
105, 309.3389587402344,91.94877624511719,372.00811767578125,259.92706298828125,0.9122211933135986
105, 569.0486450195312,96.54068756103516,636.7015380859375,272.0925598144531,0.8827418088912964
105, 382.96258544921875,103.98870086669922,437.2181091308594,241.46144104003906,0.879273533821106
105, 478.5155029296875,108.26931762695312,543.7053833007812,266.65557861328125,0.8658600449562073
105, 525.5774536132812,105.69688415527344,578.3085327148438,250.6713409423828,0.7715030312538147
106, 309.4576416015625,91.60234069824219,371.013427734375,259.9526062011719,0.9217847585678101
106, 183.33445739746094,92.46495056152344,245.25552368164062,250.97891235351562,0.9178264737129211
106, 571.6156616210938,94.0132064819336,640.0531005859375,269.997802734375,0.890143871307373
106, 383.0238342285156,103.87401580810547,437.274658203125,241.71090698242188,0.8673209547996521
106, 473.14324951171875,108.54752349853516,542.4756469726562,266.5201110839844,0.8533982634544373
106, 522.6578369140625,104.8187484741211,575.3711547851562,251.1712646484375,0.7827277183532715
107, 183.12692260742188,92.9982681274414,245.52442932128906,250.78775024414062,0.9198225736618042
107, 306.7539978027344,91.9261703491211,368.6841735839844,259.6405334472656,0.9103672504425049
107, 383.0119934082031,104.31001281738281,437.29486083984375,244.90032958984375,0.8765460848808289
107, 576.492919921875,94.68473052978516,641.038818359375,269.4464111328125,0.8643845319747925
107, 469.05108642578125,108.5265121459961,540.1439819335938,266.86578369140625,0.8631665110588074
107, 521.4729614257812,104.03618621826172,576.1633911132812,251.7516326904297,0.7915335297584534
108, 306.4599914550781,91.5374755859375,368.2734375,259.9247131347656,0.9222493171691895
108, 183.36599731445312,92.52142333984375,245.3378448486328,251.25814819335938,0.9209651947021484
108, 383.0747375488281,104.2139892578125,437.36883544921875,245.33673095703125,0.8805304169654846
108, 577.2638549804688,94.94146728515625,641.2268676757812,269.2033996582031,0.8454827666282654
108, 466.5323181152344,109.90625,536.5724487304688,266.16925048828125,0.8438200950622559
108, 517.73583984375,103.61328887939453,574.0175170898438,252.26739501953125,0.8235512375831604
109, 183.63523864746094,92.04246520996094,245.2545928955078,251.3400115966797,0.9090579748153687
109, 306.04205322265625,91.4245376586914,367.9422607421875,260.0230407714844,0.9069218635559082
109, 382.8888854980469,104.06414794921875,437.6651306152344,245.23568725585938,0.8772964477539062
109, 580.7093505859375,98.26174926757812,642.7684936523438,270.3795166015625,0.8637518882751465
109, 514.313232421875,104.28569030761719,571.2041625976562,251.9417724609375,0.8263625502586365
109, 463.5869140625,110.95697021484375,533.3439331054688,265.2496643066406,0.8253916501998901
110, 303.5568542480469,94.2809829711914,365.50360107421875,261.7848815917969,0.9150571227073669
110, 183.41368103027344,91.6285629272461,245.61744689941406,251.66709899902344,0.9065620303153992
110, 580.5094604492188,98.23936462402344,644.0076293945312,270.6123962402344,0.8890978693962097
110, 382.9239196777344,104.32817077636719,437.7262268066406,245.10440063476562,0.88254314661026
110, 513.5323486328125,103.95100402832031,571.576416015625,252.68795776367188,0.8474283218383789
110, 463.8569641113281,110.32367706298828,532.5464477539062,265.84588623046875,0.8291937112808228
111, 303.6923522949219,94.69037628173828,364.7255859375,261.8931884765625,0.9287803769111633
111, 183.29933166503906,91.86974334716797,245.7447509765625,251.42361450195312,0.8963528871536255
111, 385.1651306152344,104.91658782958984,440.3274230957031,245.0242462158203,0.8951320052146912
111, 584.2274169921875,99.15597534179688,645.6835327148438,269.6244812011719,0.8654136061668396
111, 510.4468078613281,103.8736801147461,568.7776489257812,252.93345642089844,0.8589501976966858
111, 461.1877746582031,111.38006591796875,529.128173828125,264.9209899902344,0.8279943466186523
112, 302.6103820800781,94.7121353149414,364.840087890625,261.9402770996094,0.919059693813324
112, 384.66143798828125,104.87252044677734,441.0980529785156,245.5028076171875,0.9116456508636475
112, 183.0955047607422,91.5726089477539,246.012451171875,251.75941467285156,0.899899423122406
112, 510.25042724609375,104.73527526855469,568.572998046875,252.18243408203125,0.8593802452087402
112, 584.8175659179688,98.676025390625,645.6685791015625,270.3162536621094,0.8590459823608398
112, 458.7109680175781,111.80757141113281,525.4962768554688,264.1784973144531,0.83754962682724
113, 300.386474609375,95.02558135986328,362.04052734375,261.7330627441406,0.9334747195243835
113, 385.614501953125,105.7735366821289,440.4779052734375,245.18038940429688,0.9116061329841614
113, 183.51510620117188,91.50634002685547,245.8167266845703,251.89764404296875,0.8810530304908752
113, 505.691162109375,105.59940338134766,567.0850219726562,251.88571166992188,0.8345603942871094
113, 455.8542785644531,111.68414306640625,521.814697265625,264.6959533691406,0.8233460187911987
113, 585.7774047851562,95.7210922241211,645.3117065429688,268.52606201171875,0.8186370134353638
114, 299.8592529296875,95.95218658447266,361.82794189453125,261.1241149902344,0.9370166659355164
114, 185.6959686279297,92.16816711425781,248.4293212890625,251.11154174804688,0.903419017791748
114, 385.9044189453125,106.51008605957031,440.66357421875,244.9462127685547,0.902774453163147
114, 451.7467041015625,110.80347442626953,519.5394897460938,265.5170593261719,0.8595836162567139
114, 504.1639709472656,107.41407775878906,568.3764038085938,254.77223205566406,0.8489407896995544
114, 589.8941040039062,96.45521545410156,647.0482177734375,267.4726257324219,0.78471839427948
115, 299.6543273925781,96.03257751464844,361.5261535644531,260.8753356933594,0.9253706336021423
115, 185.70492553710938,92.134033203125,248.5904998779297,251.2976531982422,0.9119397401809692
115, 385.7803955078125,106.52290344238281,441.0834655761719,245.20542907714844,0.8837594985961914
115, 500.8103332519531,107.8394775390625,565.7933959960938,254.2777862548828,0.8611451983451843
115, 450.1585388183594,110.41736602783203,515.0880126953125,265.0465087890625,0.8610942363739014
115, 591.6325073242188,96.64584350585938,645.3900146484375,266.0342102050781,0.7249834537506104
116, 298.3836669921875,96.72443389892578,358.14117431640625,260.0815124511719,0.9314704537391663
116, 185.8815460205078,92.28673553466797,248.6973114013672,250.8612823486328,0.9088391661643982
116, 446.8279724121094,109.49761962890625,512.09033203125,265.613525390625,0.8921650052070618
116, 500.8069152832031,107.106201171875,565.3768310546875,255.0711669921875,0.8819559812545776
116, 388.6622009277344,106.13621520996094,443.3740234375,245.71768188476562,0.879984974861145
116, 594.7391357421875,92.933837890625,648.3410034179688,264.7911682128906,0.6112584471702576
117, 298.69244384765625,96.80809020996094,357.5180358886719,259.40399169921875,0.9169256687164307
117, 186.3168182373047,91.7063980102539,248.60755920410156,251.4480743408203,0.8964540362358093
117, 443.03790283203125,110.10400390625,503.7107849121094,264.9128723144531,0.8849162459373474
117, 388.98895263671875,106.64763641357422,443.6417236328125,245.1419677734375,0.884479820728302
117, 499.92291259765625,107.6694107055664,560.4295654296875,254.1152801513672,0.8701081275939941
117, 597.1689453125,93.46844482421875,646.2356567382812,263.4576416015625,0.6050425171852112
118, 298.7197570800781,93.8123779296875,357.1422119140625,257.7764587402344,0.9106397032737732
118, 186.5544891357422,89.81616973876953,248.66090393066406,249.14964294433594,0.8951100707054138
118, 440.84942626953125,110.1978530883789,499.7087097167969,264.61322021484375,0.8854493498802185
118, 500.02197265625,106.40484619140625,559.9651489257812,251.43418884277344,0.8802514672279358
118, 388.57733154296875,105.8762435913086,444.5791931152344,245.6782684326172,0.8710247874259949
118, 598.3616333007812,93.03763580322266,645.43359375,264.1551208496094,0.5702271461486816
119, 298.2622985839844,93.24176788330078,356.8905944824219,257.87432861328125,0.9133077263832092
119, 438.3619384765625,110.56037902832031,495.4750671386719,264.0035095214844,0.897689700126648
119, 186.74020385742188,89.79924774169922,248.70213317871094,249.15066528320312,0.8923559188842773
119, 498.1560974121094,105.85169982910156,555.8788452148438,251.7701873779297,0.8887585401535034
119, 392.6139831542969,106.0050277709961,445.76513671875,245.61810302734375,0.8755171298980713
119, 601.6844482421875,93.2505111694336,648.0303344726562,264.1529846191406,0.5107057690620422
120, 295.63604736328125,92.73497772216797,354.6960144042969,258.0264587402344,0.900718092918396
120, 436.5899963378906,111.1375503540039,491.096923828125,263.70660400390625,0.897652268409729
120, 497.433837890625,105.71673583984375,556.1364135742188,251.78929138183594,0.8969945907592773
120, 393.0379333496094,106.07528686523438,445.57806396484375,245.55113220214844,0.8863077759742737
120, 189.82713317871094,89.36963653564453,250.7515869140625,249.4430389404297,0.8856241703033447
120, 604.2318725585938,93.77891540527344,651.6009521484375,263.7529602050781,0.48803770542144775
121, 295.8360900878906,90.7697525024414,354.1790466308594,254.8500518798828,0.9034134149551392
121, 494.25994873046875,105.31137084960938,553.3696899414062,251.90074157714844,0.8993493318557739
121, 190.134033203125,89.50030517578125,250.71273803710938,249.46385192871094,0.8990184664726257
121, 393.8147277832031,106.10662841796875,444.9685363769531,245.14743041992188,0.8978610634803772
121, 433.7647705078125,111.0767822265625,487.7125549316406,263.7525329589844,0.8954564929008484
121, 605.8668823242188,98.0516128540039,649.85986328125,263.97015380859375,0.3923702836036682
122, 428.1217956542969,111.47429656982422,486.71051025390625,263.91156005859375,0.904157817363739
122, 295.35015869140625,90.3275375366211,353.9040832519531,255.17124938964844,0.9007361531257629
122, 394.3997497558594,106.43507385253906,444.5084533691406,244.8428955078125,0.891282856464386
122, 190.06353759765625,89.37330627441406,250.87112426757812,249.63710021972656,0.891192615032196
122, 492.8965148925781,104.33245849609375,554.1913452148438,252.67169189453125,0.8879340887069702
123, 294.8431396484375,90.3927001953125,353.84039306640625,254.6800994873047,0.9038336873054504
123, 190.6717071533203,89.65977478027344,250.4251708984375,249.2579803466797,0.8976590633392334
123, 423.8982238769531,111.52156066894531,484.3737487792969,263.9562072753906,0.8950501680374146
123, 490.3914489746094,104.55579376220703,550.9071044921875,252.29229736328125,0.8896657228469849
123, 394.82147216796875,106.3468246459961,444.5302734375,245.07473754882812,0.8450183868408203
124, 292.5252685546875,90.06935119628906,351.2555236816406,255.33505249023438,0.9058718681335449
124, 190.24647521972656,89.18003845214844,251.17922973632812,249.84967041015625,0.8968891501426697
124, 420.6696472167969,112.17657470703125,481.5608825683594,263.7687072753906,0.8949708938598633
124, 486.6535339355469,104.88184356689453,548.3408813476562,252.00892639160156,0.8847496509552002
124, 396.8957824707031,106.60881805419922,448.2311706542969,250.45407104492188,0.8125507831573486
124, 383.8885498046875,176.7848663330078,405.3172607421875,224.8533477783203,0.3118520677089691
125, 292.3221740722656,89.84528350830078,350.83404541015625,255.77520751953125,0.9021804332733154
125, 190.32041931152344,89.24542999267578,251.2843780517578,249.61495971679688,0.8981119394302368
125, 483.2517395019531,105.62619018554688,545.43408203125,251.57188415527344,0.8862411379814148
125, 417.30108642578125,113.00922393798828,478.8055419921875,263.5689392089844,0.8496009707450867
125, 396.8415222167969,107.07072448730469,448.67535400390625,255.48248291015625,0.7790208458900452
126, 190.44619750976562,89.40742492675781,251.19898986816406,249.16175842285156,0.8999511003494263
126, 482.439697265625,104.9794692993164,545.5662841796875,252.5897979736328,0.8925428986549377
126, 291.2923583984375,91.68734741210938,351.2507629394531,257.7253112792969,0.8922783732414246
126, 416.59173583984375,113.68480682373047,478.6159362792969,262.6999816894531,0.8321157693862915
126, 397.0596008300781,107.89684295654297,448.646728515625,254.72312927246094,0.7223376035690308
127, 288.28741455078125,88.91246032714844,348.9850769042969,256.8547058105469,0.9003453850746155
127, 190.79226684570312,89.79703521728516,250.88710021972656,248.68215942382812,0.899319052696228
127, 479.1087646484375,106.530517578125,543.3442993164062,255.5292205810547,0.87163245677948
127, 413.2901611328125,114.07612609863281,475.8036193847656,262.2708740234375,0.8413073420524597
127, 400.0853271484375,108.93075561523438,451.1203918457031,253.9147186279297,0.6476895809173584
128, 190.77394104003906,89.97160339355469,251.00706481933594,248.49417114257812,0.9042311310768127
128, 286.9006042480469,88.82217407226562,349.1006164550781,256.77215576171875,0.8936421275138855
128, 477.6653137207031,106.7189712524414,544.242431640625,255.61585998535156,0.8731579184532166
128, 409.9941711425781,113.37803649902344,473.10662841796875,262.6425476074219,0.850807785987854
128, 399.70941162109375,109.55999755859375,451.5296325683594,253.6558837890625,0.5537540316581726
129, 190.6779022216797,90.25564575195312,251.07626342773438,248.0076141357422,0.9109176397323608
129, 283.0286560058594,89.70946502685547,347.57037353515625,255.93655395507812,0.8962231278419495
129, 475.52227783203125,108.26700592041016,540.5733642578125,254.4521026611328,0.8824268579483032
129, 407.4920959472656,113.05828857421875,469.1344299316406,262.8131408691406,0.8359261751174927
130, 190.81521606445312,90.37992858886719,250.79408264160156,247.919677734375,0.9161479473114014
130, 282.9871826171875,90.0334701538086,346.8996887207031,255.25856018066406,0.9064738750457764
130, 475.8606262207031,108.3302993774414,539.6397094726562,254.7196044921875,0.8831099271774292
130, 403.1165466308594,110.95513916015625,466.9192199707031,264.0299987792969,0.8434237837791443
131, 190.89242553710938,90.33131408691406,250.6282501220703,247.77720642089844,0.9172312617301941
131, 279.0333251953125,89.85527038574219,345.3741149902344,255.61412048339844,0.8993303179740906
131, 473.7057800292969,109.27645111083984,535.8434448242188,254.18301391601562,0.8787660002708435
131, 402.2415771484375,109.95201110839844,461.60125732421875,260.29229736328125,0.8402352333068848
132, 190.74603271484375,90.37325286865234,250.4853973388672,247.74261474609375,0.9165871143341064
132, 278.6528015136719,90.18034362792969,345.2296142578125,255.0147247314453,0.9003056883811951
132, 398.947509765625,109.1361083984375,458.5809631347656,260.4261474609375,0.8937511444091797
132, 471.27484130859375,109.09603881835938,532.2212524414062,254.0662078857422,0.882089376449585
133, 190.76119995117188,90.49822998046875,250.36927795410156,247.739501953125,0.9237303733825684
133, 470.70318603515625,107.81241607666016,532.64453125,254.63233947753906,0.9102349877357483
133, 395.56036376953125,108.7509765625,455.4618225097656,260.5649719238281,0.9015501141548157
133, 275.8635559082031,90.90287780761719,342.46405029296875,254.43434143066406,0.8937457203865051
134, 191.01937866210938,90.5098876953125,249.79360961914062,247.7262725830078,0.9178892374038696
134, 393.275634765625,107.93228912353516,452.552978515625,260.8267517089844,0.914657473564148
134, 467.6387023925781,107.9593276977539,529.6808471679688,254.34474182128906,0.8954533338546753
134, 275.94976806640625,91.24988555908203,341.7391052246094,254.3128662109375,0.8947319984436035
135, 190.3163604736328,90.22157287597656,250.15042114257812,248.0460662841797,0.9173443913459778
135, 467.4967956542969,107.93341827392578,529.14501953125,254.60362243652344,0.9083839654922485
135, 392.7957458496094,108.30341339111328,452.7537841796875,259.8052062988281,0.8759309649467468
135, 275.5436096191406,93.75916290283203,341.6112976074219,255.79092407226562,0.8683791756629944
136, 465.3924865722656,108.35945129394531,525.3588256835938,254.1490936279297,0.8954662680625916
136, 190.38600158691406,90.30616760253906,249.79994201660156,247.97906494140625,0.8903958201408386
136, 272.4039306640625,90.91615295410156,339.0360412597656,254.6604766845703,0.8798360228538513
136, 392.3062744140625,106.68536376953125,452.6976013183594,257.3874816894531,0.8512581586837769
136, -3.1136274337768555,116.75605773925781,52.39933776855469,289.8687438964844,0.3564679026603699
137, 465.9771728515625,108.36637878417969,524.0404052734375,254.12152099609375,0.9039714932441711
137, 188.2389678955078,90.73875427246094,247.18357849121094,247.51382446289062,0.9011147618293762
137, 269.89520263671875,93.71924591064453,335.9632263183594,255.69577026367188,0.8677740097045898
137, 387.1591491699219,109.69345092773438,445.55859375,258.8498229980469,0.8212272524833679
137, -3.772036075592041,112.492431640625,53.71377182006836,288.90289306640625,0.677679717540741
138, 463.79681396484375,108.63165283203125,520.3673095703125,253.8317413330078,0.9014278054237366
138, 187.91928100585938,90.7685775756836,247.06922912597656,247.5582733154297,0.9010348320007324
138, 270.3598327636719,91.34844970703125,335.0570373535156,254.10586547851562,0.8834631443023682
138, 383.9897766113281,110.45340728759766,442.2630310058594,258.4966735839844,0.8127791285514832
138, -0.7931389808654785,112.99181365966797,56.39447021484375,288.13232421875,0.7511764168739319
138, 402.6038513183594,105.1900634765625,455.1377258300781,252.4821014404297,0.5998830199241638
139, 188.17767333984375,90.47077941894531,246.4644012451172,247.899169921875,0.9029328227043152
139, 461.8487243652344,108.93175506591797,516.2973022460938,253.6136474609375,0.8951548337936401
139, 267.52716064453125,90.8803939819336,332.03277587890625,254.2456512451172,0.8791784048080444
139, 381.1015319824219,110.19202423095703,438.40008544921875,259.1358947753906,0.8030299544334412
139, 0.1507817804813385,110.82157135009766,55.662601470947266,289.8061828613281,0.7469204664230347
139, 403.027099609375,107.00513458251953,455.1289978027344,255.26174926757812,0.693867027759552
140, 266.7841491699219,90.89856719970703,331.9059143066406,253.64881896972656,0.8981724977493286
140, 188.26780700683594,90.18516540527344,246.04808044433594,248.18255615234375,0.8953633308410645
140, 461.3412780761719,109.14213562011719,516.4112548828125,254.15597534179688,0.888608455657959
140, 376.56787109375,110.46299743652344,436.943115234375,259.3243408203125,0.8182241916656494
140, 402.84967041015625,106.62973022460938,455.0188293457031,255.96258544921875,0.6903296113014221
140, 3.43526029586792,110.9808120727539,58.748931884765625,289.38983154296875,0.6697341799736023
141, 187.68716430664062,90.19078826904297,246.43138122558594,248.14393615722656,0.899104118347168
141, 264.9543151855469,90.2391357421875,328.2723083496094,253.91818237304688,0.8851048946380615
141, 461.82366943359375,109.46173858642578,515.5532836914062,254.4796905517578,0.8819637894630432
141, 373.3961181640625,111.56664276123047,433.9512634277344,258.4541015625,0.7956979870796204
141, 5.557910442352295,111.23114776611328,62.96463394165039,288.9381103515625,0.7447336316108704
141, 403.5305480957031,107.44242095947266,454.2186279296875,255.2384033203125,0.7001110911369324
142, 264.02593994140625,90.36334991455078,328.53277587890625,253.80137634277344,0.9183131456375122
142, 461.3589172363281,109.96878051757812,515.809814453125,253.85812377929688,0.8916407823562622
142, 187.4165496826172,89.60501861572266,246.37799072265625,248.4958953857422,0.8884570598602295
142, 369.381103515625,111.38394165039062,431.78607177734375,258.4747009277344,0.8301244974136353
142, 403.3620910644531,107.01422882080078,454.60699462890625,255.49642944335938,0.7727299332618713
142, 7.594489097595215,111.89107513427734,67.33060455322266,288.455078125,0.7374568581581116
143, 263.8384704589844,89.88555908203125,328.2302551269531,254.04661560058594,0.89573073387146
143, 185.37432861328125,89.39019012451172,243.79209899902344,248.3261260986328,0.8952750563621521
143, 458.2904052734375,111.26485443115234,513.739990234375,256.61138916015625,0.8877366781234741
143, 369.4546813964844,112.02391052246094,431.1982116699219,257.77911376953125,0.828513503074646
143, 403.12066650390625,107.11168670654297,455.1091003417969,255.35064697265625,0.7763385772705078
143, 13.68307113647461,111.06871795654297,73.7210922241211,284.424072265625,0.7689545154571533
144, 458.3985900878906,111.26753234863281,513.5803833007812,257.0316162109375,0.9050216674804688
144, 262.1499328613281,90.35993957519531,324.5688781738281,253.51280212402344,0.897713840007782
144, 185.66355895996094,89.02043914794922,243.3529815673828,248.45286560058594,0.8930549621582031
144, 367.38385009765625,112.61621856689453,427.4884033203125,257.4593505859375,0.8481637835502625
144, 16.814319610595703,112.56620788574219,83.14384460449219,287.80462646484375,0.8131771683692932
144, 405.96807861328125,108.50930786132812,457.6573486328125,254.5241241455078,0.8122386932373047
145, 261.3750915527344,89.257568359375,324.33660888671875,254.26141357421875,0.8874587416648865
145, 185.44561767578125,88.89713287353516,243.25221252441406,248.43724060058594,0.8864668011665344
145, 458.0760192871094,111.38368225097656,513.4725952148438,257.6606750488281,0.8857722878456116
145, 363.9676208496094,112.38541412353516,424.74407958984375,257.5457458496094,0.839576780796051
145, 405.9065856933594,109.15289306640625,457.7801818847656,254.2805633544922,0.8280381560325623
145, 20.852710723876953,112.38644409179688,91.63304901123047,287.9056396484375,0.8039065599441528
146, 259.7471618652344,87.66183471679688,320.84222412109375,251.64198303222656,0.8853635191917419
146, 185.43008422851562,88.80298614501953,243.14556884765625,248.66229248046875,0.8836454749107361
146, 458.3066101074219,111.5118408203125,512.9266967773438,257.6584167480469,0.8793045878410339
146, 363.6458435058594,112.01953887939453,424.3102722167969,257.72613525390625,0.8623492121696472
146, 405.8175964355469,109.35504913330078,457.7347717285156,254.15414428710938,0.8348966836929321
146, 22.33528709411621,111.3830795288086,96.70349884033203,289.1279602050781,0.7920880913734436
147, 361.4713134765625,111.18267059326172,420.8228454589844,257.9764404296875,0.8944656252861023
147, 259.7231140136719,90.39960479736328,320.3168640136719,252.99920654296875,0.8935919404029846
147, 455.5176086425781,111.10885620117188,509.84814453125,257.5658874511719,0.8855683207511902
147, 406.3190002441406,109.63748931884766,457.7851257324219,254.22621154785156,0.8712800145149231
147, 185.33792114257812,88.11607360839844,243.04234313964844,248.94969177246094,0.8552124500274658
147, 24.843168258666992,112.41152954101562,100.4599380493164,288.7607727050781,0.7958271503448486
148, 259.62677001953125,90.06201171875,319.7380676269531,253.30532836914062,0.8859477043151855
148, 405.9212341308594,109.89539337158203,458.3014831542969,254.13241577148438,0.8748810291290283
148, 358.6175842285156,110.8160629272461,417.4289245605469,258.2142333984375,0.8720383048057556
148, 185.14208984375,88.34812927246094,243.09228515625,248.71607971191406,0.867170512676239
148, 454.6478576660156,110.31632232666016,510.1217956542969,258.2431335449219,0.8662923574447632
148, 28.035842895507812,112.06615447998047,103.42183685302734,288.62200927734375,0.7745507955551147
149, 257.52734375,90.81786346435547,316.66400146484375,252.74684143066406,0.8947880864143372
149, 405.987548828125,110.16393280029297,458.4266357421875,253.67701721191406,0.8860597610473633
149, 184.80311584472656,84.35597229003906,243.3169708251953,247.92747497558594,0.8799678087234497
149, 451.9124450683594,109.33296966552734,507.33111572265625,258.7008056640625,0.8696234822273254
149, 358.1677551269531,110.72862243652344,417.0755310058594,257.6641845703125,0.8669558167457581
149, 32.615238189697266,112.65633392333984,105.30618286132812,287.7144775390625,0.7986744046211243
150, 184.76783752441406,84.80612182617188,243.3091583251953,247.64378356933594,0.8872138857841492
150, 257.4458923339844,88.34072875976562,316.11865234375,250.9099578857422,0.8865118026733398
150, 406.2897644042969,110.10057067871094,458.3496398925781,253.76100158691406,0.8833986520767212
150, 451.8020324707031,107.52203369140625,507.3179016113281,256.2127380371094,0.882086455821991
150, 356.8403015136719,109.80941009521484,412.6316223144531,254.43511962890625,0.8558809161186218
150, 39.71323776245117,111.1485595703125,110.45806884765625,284.41851806640625,0.7444107532501221
151, 451.3732604980469,107.50177001953125,507.261962890625,255.97024536132812,0.8842077255249023
151, 257.4287109375,88.03910827636719,315.6309509277344,250.96238708496094,0.8776437640190125
151, 405.8049621582031,109.91941833496094,458.7750244140625,254.17665100097656,0.8744803071022034
151, 184.8658905029297,84.62276458740234,243.16619873046875,247.71168518066406,0.8740507960319519
151, 353.8215637207031,109.83810424804688,409.7386474609375,254.36199951171875,0.841935396194458
151, 39.07780075073242,110.25506591796875,111.76206970214844,284.7352294921875,0.7981988191604614
152, 448.1806335449219,107.45584106445312,504.58697509765625,255.45181274414062,0.8942561149597168
152, 184.77735900878906,84.76709747314453,243.30589294433594,247.5178985595703,0.8840895891189575
152, 353.7122802734375,109.50506591796875,408.77508544921875,254.3837127685547,0.8825851082801819
152, 405.693603515625,110.89375305175781,459.0463562011719,257.3992004394531,0.8771398663520813
152, 255.01171875,88.15000915527344,313.0839538574219,250.95120239257812,0.8631017804145813
152, 46.60478591918945,110.98136901855469,116.48164367675781,283.3643493652344,0.8252233862876892
153, 351.68206787109375,109.82133483886719,404.7788391113281,253.88108825683594,0.904674232006073
153, 447.6446533203125,106.80195617675781,504.59503173828125,255.73353576660156,0.8985578417778015
153, 184.89076232910156,84.41251373291016,243.00506591796875,247.81809997558594,0.8783854842185974
153, 405.2748107910156,110.35498809814453,459.3594055175781,257.9142761230469,0.8783736228942871
153, 255.4275665283203,90.2450180053711,312.35150146484375,253.15478515625,0.8722665309906006
153, 51.932212829589844,111.81756591796875,117.73313903808594,282.35772705078125,0.8299110531806946
154, 349.3450622558594,110.40478515625,401.7481689453125,253.0373992919922,0.915338397026062
154, 445.9644775390625,107.03357696533203,500.6241149902344,256.1310729980469,0.9085171818733215
154, 405.0709533691406,109.72368621826172,459.1172790527344,254.2861328125,0.8813312649726868
154, 255.3105926513672,89.98480987548828,312.2007141113281,253.4856414794922,0.8800296187400818
154, 184.97021484375,85.69762420654297,242.92005920410156,246.60057067871094,0.8702643513679504
154, 59.86907958984375,108.43069458007812,122.13176727294922,280.914306640625,0.80645751953125
155, 348.93621826171875,110.47369384765625,400.8762512207031,253.09469604492188,0.9005236029624939
155, 255.1875,89.9803237915039,312.1178894042969,253.59629821777344,0.8891653418540955
155, 445.3934326171875,106.92754364013672,500.92486572265625,256.9940185546875,0.8873727321624756
155, 405.6385192871094,109.98787689208984,458.412353515625,253.90994262695312,0.8798651695251465
155, 185.5470428466797,85.46086883544922,242.46827697753906,246.80557250976562,0.8567125201225281
155, 62.89767837524414,108.6874008178711,126.16857147216797,280.37060546875,0.7933476567268372
156, 345.9637145996094,110.30935668945312,398.63311767578125,252.78639221191406,0.9132732152938843
156, 255.2341766357422,90.42476654052734,311.85528564453125,253.25259399414062,0.8999388217926025
156, 444.2210998535156,107.66826629638672,501.5525817871094,260.6557922363281,0.8855911493301392
156, 405.7724304199219,110.07559967041016,457.81256103515625,253.96237182617188,0.8800420165061951
156, 185.1661376953125,84.94029235839844,242.8265838623047,247.1974639892578,0.8709356188774109
156, 69.5103530883789,108.36387634277344,132.10882568359375,280.5107116699219,0.8513894081115723
157, 254.81382751464844,90.51338195800781,311.9551696777344,253.1450958251953,0.8930907845497131
157, 442.19561767578125,108.30013275146484,498.28338623046875,260.3449401855469,0.8890659809112549
157, 342.8445739746094,110.90531921386719,395.74981689453125,252.8519287109375,0.8828186988830566
157, 402.9831237792969,110.1384048461914,455.4635009765625,253.8969268798828,0.8707048892974854
157, 185.08572387695312,85.21159362792969,242.92591857910156,247.15597534179688,0.8690900206565857
157, 74.56360626220703,107.59756469726562,139.03970336914062,281.30194091796875,0.8301635384559631
158, 441.8707275390625,108.65969848632812,498.2988586425781,260.3282470703125,0.9075763821601868
158, 342.1053466796875,110.85598754882812,395.31292724609375,253.19029235839844,0.8990386724472046
158, 255.4336395263672,90.70902252197266,311.1536560058594,252.88400268554688,0.884722113609314
158, 402.76116943359375,110.14547729492188,455.1120300292969,254.05189514160156,0.8828675150871277
158, 185.0558624267578,85.37899017333984,243.0120086669922,247.00994873046875,0.8748854994773865
158, 77.65512084960938,108.25431060791016,142.4709014892578,280.6711120605469,0.8041998744010925
159, 441.2171325683594,108.42707824707031,498.5525207519531,261.1828308105469,0.9091182947158813
159, 401.90216064453125,111.01266479492188,455.4208679199219,257.5833435058594,0.9021995663642883
159, 253.5450897216797,90.78730010986328,308.2938232421875,253.07290649414062,0.89488285779953
159, 185.38430786132812,85.42807006835938,242.79898071289062,247.09317016601562,0.8784555792808533
159, 338.7457580566406,111.86937713623047,393.5368957519531,256.0136413574219,0.8686302304267883
159, 80.41809844970703,108.76393127441406,146.4085235595703,280.5066833496094,0.7989062070846558
160, 398.9089050292969,111.8809585571289,453.0189514160156,257.43310546875,0.9120858907699585
160, 440.32550048828125,108.37753295898438,498.89593505859375,261.1010437011719,0.9008718729019165
160, 185.3567657470703,84.83551025390625,242.7802734375,247.41734313964844,0.8916260004043579
160, 338.6449890136719,112.35905456542969,393.1051025390625,255.6173095703125,0.8904157876968384
160, 255.8683624267578,90.74629974365234,310.59027099609375,252.68496704101562,0.8852875828742981
160, 83.4385986328125,108.99110412597656,155.53846740722656,280.16546630859375,0.7828050851821899
161, 437.0843811035156,107.7135009765625,496.7762756347656,261.55523681640625,0.9109487533569336
161, 398.50848388671875,111.6668701171875,452.8021240234375,257.8548278808594,0.9072360992431641
161, 185.19068908691406,85.46990966796875,242.95729064941406,246.9290771484375,0.8958422541618347
161, 253.25997924804688,89.92195129394531,308.48699951171875,253.3996124267578,0.8825289607048035
161, 338.0819396972656,112.89424896240234,393.0692138671875,255.17344665527344,0.879865825176239
161, 86.32347106933594,109.70327758789062,159.3028106689453,279.5833435058594,0.723544180393219
162, 436.7562561035156,107.61587524414062,496.3682861328125,261.6639404296875,0.9137418270111084
162, 185.172119140625,85.24435424804688,242.93408203125,247.1028289794922,0.8917688131332397
162, 398.127685546875,111.66120910644531,452.7223205566406,257.8157653808594,0.8917564153671265
162, 253.32064819335938,88.36811828613281,308.3918762207031,250.59547424316406,0.8800115585327148
162, 335.7158508300781,113.38619232177734,389.9789733886719,254.7420654296875,0.8766424059867859
162, 91.23587799072266,109.85935974121094,166.5508270263672,279.1961975097656,0.7332630753517151
163, 434.1228942871094,106.74749755859375,493.6110534667969,261.8426208496094,0.926517128944397
163, 253.16421508789062,87.74325561523438,308.65771484375,250.4976348876953,0.9018234014511108
163, 394.87982177734375,110.55744934082031,450.656494140625,258.9988708496094,0.9008282423019409
163, 185.19081115722656,85.89016723632812,243.15472412109375,246.474365234375,0.8943549990653992
163, 335.98687744140625,112.653564453125,389.04583740234375,251.593994140625,0.8844572305679321
163, 92.5716552734375,112.16751861572266,165.4279022216797,277.14508056640625,0.7135699391365051
164, 433.3557434082031,106.03011322021484,493.9604187011719,262.1661071777344,0.919217586517334
164, 185.03628540039062,85.3404769897461,243.3787384033203,246.8518524169922,0.9010317921638489
164, 394.30816650390625,110.44989013671875,450.470703125,259.0652160644531,0.8929301500320435
164, 253.15647888183594,87.0546875,308.5850524902344,250.52395629882812,0.8923488855361938
164, 332.35302734375,111.23680877685547,387.14434814453125,252.67156982421875,0.8870986700057983
164, 97.10592651367188,111.90068817138672,173.26344299316406,277.26959228515625,0.6914825439453125
165, 430.1681213378906,105.86986541748047,491.5002136230469,262.2103271484375,0.8998925685882568
165, 332.2194519042969,111.32653045654297,386.7727966308594,252.19032287597656,0.8997529149055481
165, 390.86944580078125,110.21491241455078,448.1959533691406,258.75140380859375,0.8946624398231506
165, 185.2458953857422,85.90127563476562,243.3021697998047,246.41110229492188,0.8906974196434021
165, 253.4788360595703,86.43427276611328,308.2167663574219,250.7149200439453,0.8696803450584412
165, 98.13492584228516,111.33113098144531,172.486572265625,277.26983642578125,0.6769178509712219
166, 430.36907958984375,105.37025451660156,491.09356689453125,262.5138244628906,0.8992999792098999
166, 185.04940795898438,85.07441711425781,243.5092010498047,246.9138946533203,0.896754264831543
166, 332.1485290527344,111.07781982421875,386.31378173828125,251.74313354492188,0.8840258717536926
166, 388.02960205078125,109.45329284667969,445.06103515625,259.2164001464844,0.8726294636726379
166, 253.2699737548828,84.79393768310547,308.4813537597656,248.08058166503906,0.865247905254364
166, 103.13975524902344,110.92620849609375,179.72926330566406,277.7264404296875,0.6829010844230652
167, 184.7082977294922,85.34077453613281,243.7775115966797,246.97622680664062,0.8902254700660706
167, 430.0744323730469,105.24742889404297,491.0909118652344,262.6997375488281,0.8900725245475769
167, 387.10888671875,109.1233139038086,445.1683044433594,259.57257080078125,0.8828156590461731
167, 253.3932342529297,84.07270812988281,308.3560485839844,248.70208740234375,0.8767057061195374
167, 329.9607849121094,109.71880340576172,383.0499267578125,248.27882385253906,0.8491932153701782
167, 106.76898193359375,109.39027404785156,182.48800659179688,278.63140869140625,0.6750837564468384
168, 430.0596923828125,106.03328704833984,490.7455139160156,262.1517639160156,0.8972577452659607
168, 384.4359130859375,108.71077728271484,441.9505615234375,259.530029296875,0.8952216506004333
168, 253.29306030273438,83.93750762939453,308.4321594238281,248.35086059570312,0.8903772234916687
168, 184.80715942382812,85.18228149414062,243.64772033691406,246.8166046142578,0.8859602212905884
168, 328.7729797363281,108.67626953125,383.0264892578125,248.60133361816406,0.8789979815483093
168, 112.51319122314453,107.24578857421875,183.34814453125,275.5713195800781,0.7367852926254272
169, 427.50555419921875,106.08295440673828,487.63055419921875,262.4326477050781,0.924938976764679
169, 325.4395446777344,107.59188079833984,381.186767578125,249.25149536132812,0.9047689437866211
169, 381.25,108.44023895263672,439.32989501953125,259.7807922363281,0.8973339796066284
169, 252.83551025390625,83.84034729003906,308.6816711425781,248.9486541748047,0.8967397212982178
169, 184.9267120361328,85.58964538574219,243.49171447753906,246.80982971191406,0.8902907371520996
169, 119.79122161865234,101.22325134277344,188.533203125,275.1112060546875,0.6280856132507324
170, 427.0304870605469,106.55950164794922,487.57879638671875,262.6903076171875,0.9097546339035034
170, 184.8526153564453,85.2572250366211,243.73275756835938,246.79490661621094,0.9025102257728577
170, 325.050537109375,107.12397003173828,380.87896728515625,249.58543395996094,0.8927474021911621
170, 253.04090881347656,83.4544906616211,308.19708251953125,249.3705596923828,0.8904229402542114
170, 381.004638671875,107.83197784423828,439.0558166503906,260.2629089355469,0.8889976143836975
170, 119.8615493774414,100.06938934326172,188.82994079589844,275.9938049316406,0.6902570724487305
171, 424.8668212890625,107.4222640991211,484.0637512207031,261.8697204589844,0.91469806432724
171, 322.20184326171875,107.25467681884766,378.4045715332031,248.83990478515625,0.8992042541503906
171, 252.66383361816406,83.57501220703125,308.2918395996094,249.27159118652344,0.8947961330413818
171, 185.15103149414062,85.0743637084961,243.50277709960938,246.9290771484375,0.8892104625701904
171, 378.39434814453125,107.95828247070312,435.8832092285156,260.5650329589844,0.8874956369400024
171, 127.00326538085938,97.5294189453125,194.07711791992188,278.0338439941406,0.6221895813941956
172, 424.5409851074219,107.47596740722656,484.17724609375,262.1648864746094,0.9226861000061035
172, 322.2561340332031,107.07485961914062,377.88897705078125,248.9775848388672,0.9013547897338867
172, 379.0768737792969,109.51287078857422,434.7893371582031,259.1375427246094,0.8958613276481628
172, 252.59422302246094,84.16814422607422,307.9979248046875,248.58074951171875,0.8867142796516418
172, 185.21307373046875,85.45159912109375,243.44480895996094,246.53004455566406,0.879379153251648
172, 131.15663146972656,96.14740753173828,196.41932678222656,279.5992431640625,0.5512428879737854
173, 321.9148864746094,106.33057403564453,377.7742614746094,249.4315643310547,0.8976145386695862
173, 379.4054260253906,110.08293151855469,433.6234130859375,259.164306640625,0.8892133235931396
173, 252.64541625976562,83.68980407714844,307.633544921875,248.75155639648438,0.887057363986969
173, 423.962646484375,108.5101547241211,484.253662109375,265.7642517089844,0.8843882083892822
173, 185.52610778808594,85.85440063476562,243.1143035888672,246.37319946289062,0.8589884638786316
173, 131.15652465820312,95.69281005859375,196.73681640625,280.0457763671875,0.5115861892700195
174, 375.9117736816406,110.85115814208984,431.6526184082031,259.414306640625,0.893118679523468
174, 422.54620361328125,108.55791473388672,480.2666320800781,266.0824890136719,0.8896172046661377
174, 252.32296752929688,83.57099151611328,308.0135803222656,249.157470703125,0.8893162608146667
174, 319.12908935546875,106.45525360107422,375.1592102050781,249.2344207763672,0.8722083568572998
174, 186.07546997070312,85.6849594116211,242.99449157714844,246.65029907226562,0.8630334138870239
174, 137.93008422851562,102.21932220458984,201.62440490722656,273.9761962890625,0.7574094533920288
175, 421.75994873046875,108.31466674804688,480.6816101074219,266.3680725097656,0.9170964360237122
175, 319.1041259765625,106.50249481201172,374.53460693359375,249.13699340820312,0.8884435892105103
175, 252.29379272460938,83.88546752929688,308.05218505859375,249.05499267578125,0.8853606581687927
175, 371.973876953125,111.61262512207031,429.3222961425781,259.0187683105469,0.8841413855552673
175, 186.07334899902344,85.11125183105469,243.0514373779297,247.19686889648438,0.8454063534736633
175, 140.00125122070312,107.00923919677734,205.91883850097656,275.06097412109375,0.7856486439704895
176, 371.822509765625,111.96023559570312,429.5333557128906,262.63726806640625,0.9112147092819214
176, 420.32806396484375,107.16789245605469,481.2829284667969,267.1956787109375,0.8981255888938904
176, 249.6321258544922,84.12843322753906,305.81573486328125,248.91429138183594,0.8942680358886719
176, 315.92041015625,106.67562866210938,371.91265869140625,248.95806884765625,0.8821249604225159
176, 142.97825622558594,108.3890609741211,209.88229370117188,273.8237609863281,0.8307293057441711
176, 187.37713623046875,89.34213256835938,241.74205017089844,247.73216247558594,0.7844680547714233
177, 417.9045715332031,106.30047607421875,478.2641296386719,264.0279541015625,0.913253128528595
177, 249.60671997070312,84.37805938720703,305.6539306640625,248.50108337402344,0.9103202223777771
177, 315.6416015625,107.02851867675781,371.9000549316406,248.7854766845703,0.8961800932884216
177, 369.0345764160156,111.50727844238281,426.30511474609375,263.17333984375,0.8884186744689941
177, 145.8651123046875,109.79075622558594,213.42678833007812,272.6714172363281,0.8172910213470459
177, 189.58554077148438,84.32002258300781,244.44578552246094,247.7457733154297,0.8053345084190369
178, 416.4076232910156,104.9738540649414,479.060302734375,264.9255065917969,0.9188547134399414
178, 249.65072631835938,87.11463165283203,305.33831787109375,249.72378540039062,0.9103866815567017
178, 315.75927734375,107.04757690429688,371.12994384765625,248.6081085205078,0.896084189414978
178, 368.9130554199219,111.22919464111328,425.93634033203125,263.1268310546875,0.8936523199081421
178, 147.7819366455078,110.52088928222656,217.56414794921875,271.9932861328125,0.8433215618133545
178, 190.41717529296875,84.18119812011719,244.0293426513672,247.90350341796875,0.7681230306625366
